150 15 108 180 11
7 10 6 10 7 11 14 8 9 9 8 14 12 17 8 
5 9 1 10 7 6 13 4 1 7 8 13 10 6 8 
30 29 23 21 21 20 20 18 17 17 16 14 13 11 6 
1000000 32 8 41 24 68 11 40 53 44 40 55 15 14 73 63 62 45 45 17 63 16 65 56 6 40 44 21 23 74 50 13 10 12 27 30 9 51 3 14 52 73 68 39 59 64 76 29 56 12 49 30 35 76 23 57 26 47 16 10 5 69 59 27 17 65 52 34 28 7 29 20 15 27 60 50 48 71 21 15 78 64 20 74 53 56 68 65 43 65 65 27 71 80 30 3 45 42 43 6 69 20 34 79 21 50 76 39 62 10 12 68 7 10 30 18 7 40 3 59 44 22 21 60 49 66 50 69 66 6 75 13 68 78 11 56 28 39 70 78 55 63 51 79 77 31 4 2 25 40 66
74 1000000 34 44 10 65 35 40 54 51 51 9 22 18 32 38 44 9 6 63 55 20 64 79 12 21 47 54 6 80 61 51 60 8 14 62 21 4 6 78 18 43 15 72 46 26 51 64 16 9 80 61 80 45 17 39 18 51 39 17 68 26 6 52 58 49 26 60 47 11 7 7 64 34 5 68 74 75 29 31 13 66 69 55 66 41 16 20 56 74 56 12 15 55 10 14 55 21 5 59 57 55 5 65 43 34 12 47 11 17 47 5 46 46 24 3 31 48 11 78 20 28 2 28 17 2 39 49 5 79 31 20 25 60 16 63 46 35 18 5 28 48 44 62 39 39 72 43 25 77 12
15 70 1000000 76 41 22 50 20 18 30 42 67 33 32 25 39 49 55 7 18 78 4 52 11 11 18 55 40 72 55 20 77 56 40 47 12 33 58 49 69 9 50 54 3 55 43 58 28 49 39 62 13 25 15 37 16 73 79 21 59 53 25 55 57 24 33 60 45 68 20 47 61 13 63 28 39 2 59 61 2 29 40 16 40 71 79 21 56 62 13 65 31 71 53 37 4 17 36 7 2 34 52 69 76 52 58 15 34 47 38 27 78 12 6 11 35 41 70 45 17 69 33 22 10 55 39 38 68 19 75 68 28 70 15 54 71 53 37 39 58 49 74 19 22 17 17 50 53 77 61 19
73 40 47 1000000 62 55 29 63 64 66 42 65 9 58 40 20 65 8 29 5 47 62 52 3 69 10 12 52 2 48 7 16 2 36 39 31 20 75 38 26 15 57 60 44 51 23 44 55 57 20 59 20 69 42 18 28 25 58 46 51 56 64 51 30 27 58 28 77 8 51 6 31 12 25 48 9 24 31 80 40 80 13 67 38 47 54 60 8 68 72 57 76 60 64 34 62 29 45 36 7 7 8 22 46 2 39 2 19 10 56 30 79 52 73 30 60 26 45 79 15 79 12 42 43 70 60 43 34 5 68 7 26 49 12 28 69 46 26 27 34 40 41 68 51 34 63 46 32 7 41 72
11 3 60 65 1000000 58 8 54 65 60 58 17 12 12 32 14 21 54 29 58 80 11 56 73 52 7 25 33 64 30 18 37 47 42 57 15 73 38 80 71 27 39 58 67 79 61 70 35 36 31 4 17 80 14 24 55 33 29 38 2 70 67 56 8 17 51 36 17 74 47 31 71 38 30 32 10 68 41 43 31 49 63 38 76 23 19 3 72 66 43 48 76 5 18 52 21 24 67 11 19 28 65 74 29 32 18 31 51 47 79 77 18 65 15 80 5 69 78 47 64 60 41 3 30 73 22 65 63 71 42 12 35 19 79 53 26 42 39 51 9 28 6 42 33 45 58 30 35 46 22 41
4 47 75 71 9 1000000 21 47 4 64 9 5 32 7 3 30 43 10 9 46 56 19 29 59 57 20 47 41 24 44 54 50 3 54 35 70 70 61 7 74 17 54 51 23 2 66 19 67 20 12 44 32 24 33 4 23 73 23 12 56 78 15 60 21 80 79 7 34 45 50 5 6 65 13 47 39 21 60 32 66 47 22 53 45 36 65 52 3 41 69 38 72 62 6 70 75 72 35 6 60 52 17 53 46 65 8 4 36 6 34 76 39 28 69 68 45 51 34 28 16 74 44 33 77 70 47 22 21 44 3 76 8 74 21 46 48 39 39 43 65 53 78 57 23 2 20 74 7 58 18 45
3 63 34 80 26 10 1000000 72 56 37 24 69 23 10 22 76 16 66 71 79 51 57 36 41 38 3 56 37 35 70 69 72 42 45 26 57 20 2 67 21 74 51 48 61 6 73 54 80 31 4 48 69 22 26 47 65 4 33 75 32 37 25 55 11 75 59 32 59 67 14 26 23 58 10 56 52 36 34 57 47 80 43 13 41 5 65 3 34 27 52 51 57 51 6 76 61 47 74 18 74 37 43 5 52 62 68 19 7 12 74 46 48 2 10 26 16 71 62 7 42 5 42 52 18 37 54 20 78 20 53 41 67 9 22 18 19 63 7 68 7 73 51 25 46 76 12 12 73 24 35 27
35 43 34 35 68 60 21 1000000 59 72 21 6 76 24 67 6 42 11 26 60 80 32 60 68 22 44 19 62 73 9 71 12 68 45 2 12 15 56 79 47 74 59 44 50 67 48 17 19 42 4 25 18 4 45 79 26 7 54 9 41 51 8 78 23 47 11 54 8 58 47 79 34 41 74 60 54 25 5 60 35 26 51 10 47 14 17 5 46 4 24 53 80 3 43 60 72 65 62 12 8 70 53 35 5 68 14 12 44 47 14 62 6 21 68 38 6 2 50 45 22 72 20 22 24 22 33 44 5 63 52 7 30 32 38 44 23 32 47 30 22 55 61 48 74 19 51 74 3 22 76 2
51 24 21 4 5 43 67 2 1000000 6 8 16 75 80 20 21 50 5 55 57 74 44 33 19 48 67 29 70 53 11 18 54 74 46 14 57 57 33 62 50 30 52 32 63 52 76 10 34 37 69 49 71 4 79 80 62 32 37 7 80 43 52 15 70 8 20 52 5 55 52 57 15 60 79 61 22 23 45 62 54 22 77 38 66 16 49 46 20 47 62 68 8 27 34 24 76 43 39 50 7 39 72 57 6 54 36 50 28 46 19 18 16 80 47 23 5 57 75 52 61 11 11 56 71 72 19 23 21 28 23 31 5 69 19 65 47 38 44 17 54 35 22 45 66 44 70 20 50 73 41 32
50 46 51 62 67 41 54 54 14 1000000 21 20 2 76 78 68 15 28 78 79 67 16 36 80 23 50 12 6 3 16 48 63 42 15 59 49 76 34 64 31 22 73 72 11 67 23 5 23 68 54 79 28 58 53 35 4 77 19 51 23 58 74 8 50 13 77 53 44 31 66 60 7 63 15 36 66 64 72 52 62 35 25 31 71 48 22 40 79 20 60 10 10 63 52 74 54 73 13 35 63 31 16 39 20 48 14 19 9 19 77 73 27 2 6 53 73 79 64 15 62 73 46 45 14 2 32 31 65 41 37 30 3 65 47 67 45 13 11 41 75 56 30 49 50 20 31 38 27 63 47 38
51 80 18 17 53 47 66 62 31 49 1000000 47 57 37 47 53 38 15 63 39 17 59 21 46 33 25 45 65 31 16 51 51 61 67 61 74 30 53 66 41 64 31 42 68 2 13 62 42 52 31 57 8 75 7 54 13 35 27 43 24 16 25 48 5 31 7 3 50 70 2 18 16 79 79 27 12 61 27 2 68 55 10 70 24 31 31 55 50 62 2 57 28 50 7 80 36 5 76 46 49 45 60 19 78 68 13 34 15 15 36 5 20 19 50 28 75 42 27 55 67 66 17 73 15 62 17 67 59 62 24 60 72 45 18 55 34 50 12 74 66 44 31 60 33 46 63 54 5 59 2 72
53 59 30 56 32 34 63 62 20 31 58 1000000 38 48 64 78 21 68 13 26 40 68 17 9 21 45 6 44 22 61 51 26 54 65 26 23 52 8 45 68 26 43 25 68 71 78 76 57 21 65 75 29 78 58 6 33 64 79 42 73 27 2 7 9 19 33 58 80 30 15 68 56 38 45 65 26 22 49 73 47 58 52 58 42 61 10 20 30 16 21 52 61 71 28 49 7 4 53 28 13 54 76 74 54 71 28 2 19 69 64 41 50 71 70 10 12 79 65 3 28 55 80 48 41 12 4 32 80 5 77 67 49 21 61 35 16 77 59 37 30 50 51 66 45 31 77 35 13 7 21 42
76 74 64 10 69 63 57 42 51 5 16 57 1000000 79 19 20 5 17 57 33 6 36 35 51 16 46 39 49 80 26 71 71 9 45 67 72 3 22 65 4 35 44 19 46 14 80 73 55 10 34 75 15 68 11 77 18 64 6 68 30 46 14 73 29 24 31 53 27 79 58 46 22 36 46 72 27 29 61 42 18 37 73 2 12 43 41 43 6 12 80 3 39 16 23 37 27 67 72 46 59 13 55 66 70 54 17 12 77 61 43 24 39 32 57 38 6 4 3 36 11 42 42 72 38 8 33 68 19 35 78 9 51 55 37 76 30 34 42 70 64 59 17 56 49 23 68 8 31 63 51 5
32 12 41 14 25 18 58 3 48 69 54 17 69 1000000 33 65 38 36 53 57 62 9 23 69 47 27 33 21 30 40 20 25 72 34 71 5 25 31 55 22 33 73 18 76 23 33 69 40 4 60 27 9 54 23 50 66 51 29 51 70 69 65 15 18 13 70 3 12 3 33 52 59 37 54 46 52 35 11 22 77 33 28 7 8 67 10 59 33 59 19 78 67 39 3 78 20 46 47 48 40 66 34 19 4 63 27 79 52 45 62 40 58 19 62 39 44 46 79 50 52 76 53 66 40 74 32 26 57 29 35 67 23 67 19 78 68 70 66 62 45 35 57 40 60 69 8 26 34 60 10 4
27 78 15 34 2 29 25 24 48 80 36 3 4 4 1000000 79 23 41 32 52 65 48 47 13 76 57 16 5 24 3 78 70 36 47 28 51 27 42 25 24 65 21 80 77 66 54 77 31 2 8 57 79 6 19 66 12 55 41 44 26 9 45 19 42 37 64 63 79 44 36 11 60 22 15 67 35 73 53 79 59 55 22 79 55 18 16 76 16 25 63 39 14 56 35 37 16 47 67 70 11 3 7 79 3 19 17 54 51 63 5 42 19 12 52 76 30 8 28 54 5 8 78 53 18 73 40 54 53 71 9 59 71 20 73 18 28 77 23 13 75 62 38 36 34 29 53 3 8 69 10 3
38 21 20 66 19 16 44 2 43 20 44 76 10 13 49 1000000 28 34 59 44 64 62 70 69 12 12 42 58 51 53 71 63 72 56 68 11 30 20 53 67 42 20 11 20 21 6 51 74 16 10 69 36 74 40 47 63 53 77 42 61 67 46 31 66 6 51 48 45 67 2 33 75 11 62 16 49 57 33 71 5 68 66 16 7 74 47 7 48 25 45 36 64 63 55 2 32 63 46 22 7 63 69 23 51 38 76 63 29 5 60 78 24 80 58 42 76 43 57 74 20 67 56 52 32 49 50 39 32 29 34 32 70 77 49 60 32 78 45 20 43 33 20 34 72 24 70 78 16 59 63 28
25 78 47 79 33 13 71 65 28 39 51 36 67 27 47 54 1000000 42 4 7 26 27 79 22 73 60 12 34 66 38 64 55 42 51 8 16 9 44 22 36 80 73 58 41 72 55 63 49 30 13 12 13 66 4 76 67 44 78 14 74 32 4 7 14 41 13 77 52 18 75 80 69 27 37 39 22 25 77 30 19 18 31 35 65 40 20 80 36 28 12 19 54 25 27 77 4 46 70 63 18 36 12 37 78 30 2 20 28 75 2 55 18 20 64 70 7 66 42 30 24 60 42 58 31 37 26 14 46 64 36 47 70 77 38 29 38 72 52 10 24 50 16 77 14 68 19 60 20 56 35 70
26 24 10 35 58 43 50 67 8 46 51 51 72 18 71 74 21 1000000 6 41 80 58 68 75 55 28 61 28 52 13 14 70 53 17 66 61 23 6 27 31 32 14 78 50 54 10 72 29 69 27 29 64 13 26 14 67 18 79 26 72 75 68 57 78 52 35 62 79 5 46 46 28 6 27 58 29 68 29 2 20 32 60 62 13 79 37 39 52 44 40 13 80 17 65 49 80 13 31 19 54 32 4 64 38 20 68 49 20 16 67 43 42 11 48 26 27 39 68 56 50 52 6 20 58 11 38 21 69 26 79 64 46 21 76 21 75 56 35 29 16 22 19 58 70 56 24 6 40 62 75 12
48 14 14 65 33 68 7 5 77 13 61 35 76 34 73 50 22 32 1000000 17 76 68 22 65 33 3 30 20 78 20 21 77 24 10 15 37 14 36 61 75 35 76 55 7 11 20 59 9 46 44 34 54 51 4 39 32 29 13 77 20 33 68 29 59 42 3 34 55 76 68 72 18 44 74 70 51 27 40 14 58 36 32 35 41 12 49 20 59 5 51 59 8 38 67 56 61 80 74 68 26 22 2 36 15 51 34 27 64 62 35 67 53 18 79 65 36 24 3 28 45 35 15 5 57 41 43 26 44 54 18 17 33 47 62 58 24 47 56 57 54 48 76 15 13 73 59 18 14 3 69 51
63 32 52 14 55 9 39 78 23 40 37 69 17 73 45 2 20 2 13 1000000 45 45 59 27 33 49 75 61 35 71 23 59 53 3 15 2 15 44 28 41 71 16 66 40 13 15 71 80 38 9 33 16 23 58 23 23 61 35 23 58 75 5 73 50 4 17 14 41 12 50 28 34 51 31 61 78 66 73 49 25 56 3 77 55 79 31 38 46 67 42 62 61 34 46 36 22 25 30 61 43 4 49 62 38 33 4 15 60 68 25 27 51 79 44 72 19 6 64 54 61 58 49 3 27 74 28 10 64 18 13 68 72 53 80 37 28 12 56 4 71 63 45 2 27 80 39 55 59 67 38 10
6 13 46 50 54 50 31 38 64 53 72 2 57 38 64 21 53 57 52 77 1000000 78 40 62 72 49 40 55 76 23 46 6 56 58 58 41 10 31 44 31 50 5 45 21 25 65 10 14 24 79 6 31 24 3 68 57 57 24 39 52 58 41 70 6 22 63 22 15 16 62 38 41 40 52 6 77 36 44 61 10 9 39 30 60 41 72 28 50 10 56 7 7 13 49 2 39 41 9 2 6 7 21 78 23 62 12 76 19 4 73 19 15 11 10 79 16 27 14 64 57 12 16 62 59 66 23 71 15 19 49 56 67 18 12 66 6 72 33 14 50 49 69 43 73 75 71 52 41 32 74 13
21 79 53 48 38 47 66 49 4 3 2 20 34 28 19 25 16 64 63 18 37 1000000 35 19 7 24 46 43 27 14 66 65 20 34 43 26 16 33 47 53 15 37 51 73 47 6 44 31 52 6 55 70 36 22 35 7 36 12 44 55 2 36 31 24 34 49 69 16 23 65 27 74 80 77 11 54 38 7 35 2 5 79 22 44 24 53 31 76 72 27 6 71 26 60 71 59 77 44 46 48 16 4 55 48 25 63 31 51 78 3 26 80 65 54 52 22 21 56 50 58 29 34 10 22 74 2 40 25 14 21 34 24 52 34 68 55 43 70 56 64 61 17 34 79 42 34 34 38 50 79 67
4 65 67 66 27 56 36 54 6 4 55 73 12 37 5 5 65 51 70 46 72 62 1000000 69 58 73 62 76 25 77 5 79 47 28 41 57 10 30 14 23 79 60 18 65 42 58 21 64 34 64 45 69 30 7 48 67 35 52 70 78 14 41 18 66 19 20 10 45 26 7 5 64 62 11 75 69 8 19 61 74 19 74 35 12 40 47 18 61 49 7 44 15 14 16 41 41 76 48 25 2 62 53 53 29 13 55 36 64 57 65 50 20 56 28 56 26 36 11 19 61 43 48 39 59 45 33 22 61 18 45 30 65 21 14 70 77 79 58 42 24 13 42 22 36 47 16 16 50 43 43 41
44 2 26 40 25 23 73 22 62 32 12 69 35 15 8 50 13 52 61 64 20 20 9 1000000 16 21 17 53 79 14 38 12 75 76 14 29 40 53 24 69 59 36 45 24 53 35 24 22 12 29 68 47 60 13 44 68 56 40 60 9 19 46 24 65 30 31 10 18 58 57 14 48 30 17 43 19 27 32 80 72 42 65 45 77 63 66 36 39 4 25 36 27 66 72 16 41 58 24 16 8 60 69 69 73 80 74 71 50 55 42 79 45 31 44 65 20 68 5 63 19 2 12 73 4 19 16 9 43 41 26 10 8 31 24 48 51 69 49 55 28 52 7 78 30 74 2 59 3 55 21 27
10 76 18 42 37 39 59 45 69 54 64 44 36 68 40 58 70 44 53 44 53 37 3 29 1000000 61 40 53 56 18 24 63 26 23 26 11 36 66 66 22 77 25 64 17 63 33 57 25 16 8 68 6 13 14 77 19 20 74 28 47 48 14 14 50 64 18 44 75 68 28 79 30 78 74 58 79 38 14 19 55 14 26 18 24 36 37 43 23 59 45 71 14 13 52 3 9 26 45 57 33 44 56 77 17 44 10 63 79 65 40 33 51 9 46 44 23 13 73 37 60 2 22 20 73 74 45 60 10 51 36 61 38 5 53 5 60 16 18 40 44 40 79 21 64 58 2 79 43 21 55 5
40 24 75 22 12 55 67 59 70 19 55 45 18 73 48 77 23 12 13 33 16 27 63 26 5 1000000 50 44 35 47 77 34 58 68 6 41 59 57 30 62 3 68 78 52 45 29 74 46 39 22 24 37 27 17 47 50 21 40 34 23 53 5 11 25 51 54 12 11 74 33 70 10 29 43 59 73 79 14 23 22 79 77 79 8 58 35 29 70 9 65 11 4 8 78 26 23 65 27 68 39 75 74 13 21 49 71 2 44 41 71 30 76 40 3 75 54 47 11 44 37 46 14 40 74 21 47 6 3 78 53 3 57 31 57 74 61 39 2 24 75 60 70 10 3 7 13 18 52 51 78 24
30 72 15 5 7 52 53 38 23 50 5 42 55 68 27 67 47 78 33 6 55 65 67 8 27 45 1000000 60 25 74 27 29 6 27 17 39 43 44 41 20 25 75 55 37 9 50 16 74 65 22 50 30 54 51 18 73 58 48 7 80 69 31 29 67 53 64 30 75 12 71 16 21 23 40 5 42 16 18 69 25 71 55 34 3 48 19 7 67 29 58 80 36 55 9 33 77 36 26 45 15 36 64 49 39 9 35 15 47 38 26 45 31 32 27 26 50 17 70 34 23 46 52 5 70 7 70 57 16 34 27 67 40 12 15 66 56 72 47 24 20 17 38 39 24 64 39 33 70 76 32 11
63 26 47 56 36 43 15 19 61 46 66 18 10 60 53 63 42 80 41 63 20 38 7 54 10 61 77 1000000 24 10 16 52 31 39 15 56 76 39 71 5 74 8 53 54 69 49 31 33 22 15 16 70 79 20 39 47 64 67 33 57 21 78 78 25 45 25 4 44 21 15 67 42 79 33 15 73 15 63 68 80 65 38 44 80 13 28 7 53 35 67 45 30 77 45 35 10 59 18 6 14 58 37 44 34 58 4 45 43 33 47 48 47 50 27 4 52 76 70 41 53 79 4 71 17 42 5 57 20 13 18 8 73 39 27 48 33 74 12 30 57 42 38 4 10 60 37 50 29 22 59 3
22 2 23 75 8 13 49 8 30 30 65 34 41 74 49 70 42 65 80 66 8 33 18 29 31 14 19 15 1000000 7 78 73 13 77 80 57 60 59 52 3 80 69 42 68 28 18 80 40 72 39 53 78 68 8 60 75 74 33 52 35 73 41 17 42 75 34 67 36 59 59 15 77 41 43 11 57 45 2 15 44 77 15 73 27 75 2 4 4 41 61 16 68 4 65 32 37 67 40 35 27 53 79 59 63 41 44 3 75 79 78 39 15 45 13 21 51 60 35 46 37 30 25 72 60 61 35 62 14 12 24 72 8 34 48 44 48 9 51 45 24 38 62 7 71 66 40 42 36 42 11 46
4 59 24 47 80 39 35 64 2 59 22 33 46 31 16 8 50 58 50 78 6 43 5 3 60 34 29 24 61 1000000 15 53 73 9 35 15 19 9 3 34 56 69 76 38 10 44 63 76 45 35 44 31 8 68 32 58 68 4 50 42 7 69 27 16 73 33 5 70 42 21 32 75 65 71 65 57 25 59 35 24 6 48 39 45 37 31 52 2 9 14 19 78 44 74 23 4 7 70 22 76 21 12 19 21 72 25 54 51 4 49 38 46 74 4 32 77 3 49 49 45 13 75 49 48 10 54 26 48 75 34 21 29 69 25 78 19 66 16 42 76 76 73 14 80 23 47 34 61 35 59 25
52 55 48 14 42 21 35 24 45 59 12 49 49 36 47 21 54 28 27 22 76 60 78 56 77 33 2 48 19 5 1000000 58 54 74 14 8 51 39 27 57 2 80 31 53 80 64 65 78 56 53 53 9 41 24 23 43 17 66 59 22 75 51 31 18 34 4 60 42 63 46 67 30 41 74 5 64 19 36 28 49 3 38 57 31 2 30 79 51 19 34 75 72 27 18 51 74 63 48 62 80 19 5 78 52 56 46 41 20 39 65 35 52 78 32 61 27 25 65 60 6 54 27 69 39 56 15 41 36 22 21 28 41 18 22 46 28 75 77 22 9 15 18 34 75 38 38 25 9 37 75 49
15 54 35 44 78 73 69 35 15 73 73 9 5 45 56 79 63 42 77 31 17 56 55 12 77 34 71 46 21 7 3 1000000 18 51 48 5 49 44 68 77 77 53 71 16 15 72 26 29 43 73 53 20 7 12 6 47 28 54 74 16 54 28 45 13 15 19 36 32 23 29 51 57 27 28 3 68 37 55 29 67 15 80 48 44 34 67 31 65 76 29 74 8 74 15 35 57 14 6 14 43 44 16 38 14 32 40 75 10 14 52 63 21 43 30 18 32 19 7 74 8 61 63 72 72 32 56 33 29 14 44 24 39 15 59 59 27 62 35 63 26 59 22 79 29 74 53 46 57 35 51 23
18 78 71 64 16 32 79 46 74 37 2 41 59 29 52 30 39 76 42 5 48 6 56 5 75 72 4 8 8 54 40 59 1000000 44 5 73 50 15 55 37 7 45 7 9 46 17 3 69 14 75 71 6 29 77 76 54 37 14 15 25 17 21 72 32 31 63 79 35 53 28 8 68 69 64 11 31 18 52 60 10 33 31 17 21 57 64 55 34 79 26 72 6 72 51 21 65 75 19 8 41 51 76 63 60 78 55 44 70 31 10 40 70 66 32 45 40 32 67 57 36 39 50 43 42 28 14 40 40 26 15 33 54 70 22 42 29 55 61 33 37 68 48 52 10 76 62 58 14 23 17 69
36 35 3 51 52 27 5 79 22 9 55 56 44 56 50 7 36 62 75 77 3 13 6 21 80 73 32 23 44 56 19 66 39 1000000 64 33 11 36 20 26 33 19 3 5 58 37 40 69 4 50 61 80 23 6 23 3 68 53 47 13 42 5 61 67 31 35 50 9 57 59 64 23 29 16 71 68 14 69 29 73 53 43 37 31 78 9 42 37 13 78 76 25 15 60 4 63 47 34 57 24 6 69 24 22 57 27 40 79 70 76 8 8 31 5 75 49 34 60 80 38 37 69 44 49 18 10 58 70 16 14 21 23 45 55 29 70 34 47 47 34 66 3 68 10 55 16 75 55 60 11 14
60 20 50 25 54 73 6 46 56 37 38 20 12 74 58 71 42 78 26 73 7 30 58 66 54 19 72 71 6 27 38 73 28 35 1000000 9 67 48 38 51 18 6 26 40 28 59 39 2 7 56 57 72 3 23 15 48 55 31 36 53 66 47 74 21 13 43 29 7 52 50 37 44 26 66 32 74 77 74 6 64 33 28 37 22 25 59 31 7 12 31 52 52 56 5 20 80 38 41 7 74 28 40 64 50 16 80 46 13 60 48 30 76 7 14 47 61 26 41 39 14 2 10 79 57 27 65 28 64 73 53 68 62 22 21 2 69 60 11 54 42 24 12 74 80 45 60 26 64 55 8 22
34 39 70 39 57 77 2 65 10 62 39 61 72 48 63 10 41 28 55 61 47 58 20 63 48 10 34 74 28 77 19 69 38 12 24 1000000 2 73 76 70 60 73 63 37 25 2 57 47 40 57 8 6 7 33 56 13 7 50 62 78 28 16 36 4 24 62 79 8 10 4 34 20 58 22 29 32 30 71 4 9 59 64 44 21 11 9 78 8 9 31 53 35 3 65 35 14 73 21 12 49 42 68 27 70 80 29 73 67 40 69 33 22 25 47 10 14 38 55 56 67 34 69 21 16 49 52 17 25 8 54 73 5 74 36 75 42 32 4 9 6 4 31 43 16 13 38 34 61 9 15 56
31 35 36 77 78 16 19 71 17 49 48 36 48 8 10 54 39 48 37 2 19 64 44 30 28 11 56 46 70 11 22 24 31 72 13 38 1000000 66 50 9 47 29 61 77 74 27 61 66 15 58 27 46 79 42 45 79 5 56 15 42 51 56 49 32 18 49 50 51 73 38 26 28 10 50 28 25 26 8 45 50 10 15 79 72 7 48 21 23 47 61 55 45 40 39 43 56 23 59 19 61 19 54 71 47 42 17 5 20 47 43 28 17 39 48 80 8 14 58 72 80 31 4 60 62 10 32 11 28 28 78 27 47 49 2 40 37 3 45 9 46 23 54 12 57 72 20 60 62 70 42 3
49 4 12 61 64 2 33 69 9 15 50 14 54 18 63 75 74 40 75 51 2 70 6 75 29 23 78 24 61 24 59 26 3 66 7 67 62 1000000 64 51 36 60 45 80 80 71 14 23 75 7 59 64 63 36 56 30 7 6 43 50 64 32 79 77 4 70 27 74 44 26 21 39 70 70 25 57 15 34 51 29 10 80 49 52 21 54 70 64 15 35 56 47 48 53 47 54 35 2 28 60 48 29 13 42 3 50 55 28 77 56 33 55 42 16 4 28 40 11 29 40 12 28 22 32 75 57 43 39 22 32 68 65 2 18 64 10 2 41 58 36 27 67 71 19 45 41 19 25 43 53 39
46 59 63 55 24 78 60 28 35 55 57 64 9 45 64 45 8 43 65 48 58 10 13 70 38 39 57 45 60 16 46 59 54 71 6 52 71 46 1000000 2 47 4 77 62 66 80 56 30 9 41 67 70 26 79 70 29 16 66 53 17 72 8 35 42 45 8 59 21 67 77 4 78 79 80 54 34 63 36 80 70 30 39 22 33 27 64 33 33 36 46 26 75 43 21 10 51 26 28 80 79 28 50 22 64 40 80 12 14 41 29 5 8 46 13 59 39 41 65 50 37 30 73 49 69 79 15 43 52 49 17 70 20 62 80 77 51 69 46 36 70 21 19 11 21 13 34 7 30 66 47 51
73 46 15 66 76 62 5 27 71 54 4 54 56 77 72 73 33 15 12 45 55 70 41 29 65 61 24 76 77 38 68 71 62 48 14 2 45 46 60 1000000 21 70 37 8 10 59 25 65 40 67 21 22 77 11 32 66 22 60 6 17 68 47 44 56 46 31 16 54 64 79 76 67 13 75 79 77 61 40 5 45 70 63 17 73 40 15 80 49 7 76 25 41 25 45 63 30 50 45 70 3 49 45 74 59 28 60 55 74 75 42 57 56 63 26 22 63 8 26 7 65 2 22 15 22 68 29 16 17 56 26 69 4 22 50 22 17 55 44 67 30 60 9 16 16 27 69 15 15 73 12 12
3 25 34 60 76 69 20 41 39 75 74 80 30 43 37 18 65 23 44 27 32 18 52 62 50 9 77 25 79 4 38 14 8 56 6 21 29 41 11 26 1000000 4 75 59 50 57 62 28 37 11 47 64 56 44 80 4 6 16 77 78 62 58 27 59 66 2 34 33 7 31 42 66 37 6 52 48 28 33 26 42 4 15 8 13 30 47 78 15 70 52 36 27 25 58 59 60 30 77 13 66 72 25 17 45 76 25 11 35 57 40 28 19 15 33 28 41 34 8 15 20 71 65 35 19 12 16 27 66 33 30 18 59 27 65 65 15 48 56 71 24 2 54 75 80 18 77 18 51 49 69 71
27 28 47 30 65 8 54 79 61 7 71 43 27 42 22 5 43 64 11 73 80 53 41 75 70 24 30 4 62 16 28 59 39 77 40 39 2 80 46 36 13 1000000 3 78 5 61 8 21 12 9 34 41 11 10 12 30 77 80 6 42 44 79 79 61 5 70 79 64 53 39 80 5 32 47 46 43 23 55 26 52 8 5 36 79 71 29 40 21 78 3 53 34 33 4 7 80 24 59 78 21 30 80 44 40 52 66 11 67 62 30 36 35 6 48 75 40 74 34 31 41 44 69 39 37 50 64 16 11 55 27 24 28 37 49 69 58 58 54 28 71 58 45 14 29 80 63 41 77 15 4 6
11 31 72 56 43 66 14 13 63 39 65 61 9 41 71 72 62 49 62 18 71 30 8 59 74 32 33 77 31 6 38 16 51 45 55 46 20 77 51 60 18 55 1000000 22 31 6 49 61 60 16 44 35 78 18 40 6 27 69 39 35 32 12 60 16 70 64 43 25 41 66 15 2 28 30 48 70 24 49 44 31 41 26 67 9 50 34 39 51 36 12 9 2 76 18 31 73 2 71 18 77 38 24 22 76 64 6 65 78 41 72 32 47 17 28 30 21 21 37 68 63 41 59 39 26 45 28 19 61 63 22 67 30 57 51 37 29 46 41 61 18 57 50 59 54 29 80 8 34 74 68 8
63 75 8 54 78 24 5 3 78 34 24 10 6 36 44 4 40 52 15 50 54 44 28 33 23 79 58 51 42 59 70 20 74 14 38 59 16 19 40 70 33 66 45 1000000 54 75 44 10 48 65 3 16 20 19 34 37 18 32 22 46 45 66 30 32 77 7 67 26 71 64 49 24 52 62 65 28 59 71 51 40 31 17 68 61 55 36 42 13 14 21 30 65 70 25 9 60 25 69 63 18 5 32 25 27 78 6 45 46 63 41 44 74 44 43 12 40 53 11 64 42 77 46 57 14 17 4 21 70 74 48 32 5 12 73 15 41 56 51 39 43 63 9 32 36 44 54 43 9 12 11 7
42 74 19 8 40 77 35 78 30 68 43 72 29 28 19 80 59 50 21 12 35 50 43 44 39 57 44 26 4 56 20 42 11 18 31 69 18 63 41 76 7 58 58 71 1000000 20 66 51 12 79 79 32 60 55 72 43 73 30 7 4 37 80 53 20 30 31 55 78 66 24 20 8 32 14 77 2 32 76 16 10 7 26 33 21 29 45 54 69 54 12 49 77 13 42 51 17 67 43 8 11 8 39 40 6 23 15 49 47 38 23 60 56 26 33 13 17 55 22 65 77 68 60 71 69 24 2 14 4 63 21 28 44 75 8 12 66 68 34 18 35 44 56 17 52 2 38 72 40 55 79 42
65 41 8 4 65 18 17 6 28 34 31 17 68 30 26 66 39 57 39 61 63 75 55 29 28 2 29 48 23 41 29 6 73 57 54 71 45 29 18 39 13 18 9 44 8 1000000 18 10 69 16 16 8 17 20 50 80 41 5 58 15 26 79 79 67 73 3 31 23 3 75 58 35 39 78 79 25 67 78 52 42 15 23 17 72 20 62 21 3 79 6 40 29 17 35 35 59 64 30 36 79 73 57 60 40 58 30 78 71 55 15 55 52 27 17 48 74 33 4 66 10 4 54 47 27 28 44 57 15 7 64 57 41 36 51 79 37 51 76 21 18 4 10 24 7 42 79 48 69 61 57 27
53 9 47 66 51 60 74 78 53 74 34 78 77 16 24 38 23 72 76 71 53 34 19 75 12 41 57 40 57 2 65 28 69 38 27 3 79 67 41 14 54 48 50 48 79 50 1000000 28 42 3 9 15 66 55 16 55 45 30 45 44 46 49 20 42 45 12 34 45 37 38 21 54 76 52 30 79 15 31 36 59 18 38 19 37 8 3 32 48 44 16 59 9 37 21 64 29 31 44 13 15 35 64 61 41 55 48 76 71 25 13 17 18 53 36 12 71 77 39 68 23 62 55 33 49 37 36 44 24 35 29 14 39 51 53 45 61 14 10 73 33 23 60 26 76 48 36 6 19 2 49 58
38 74 41 44 24 3 76 39 22 5 58 58 17 57 62 12 6 61 57 30 37 18 77 63 59 13 47 55 71 41 65 62 59 42 74 41 12 16 15 11 33 56 58 10 77 61 4 1000000 71 24 20 54 73 44 23 44 22 33 63 52 23 14 48 22 60 14 21 44 6 16 40 41 37 24 76 28 52 62 73 4 36 53 74 16 40 49 71 72 50 38 39 12 59 30 39 62 4 32 4 16 4 44 56 20 40 7 15 14 41 61 41 19 56 34 48 35 55 55 76 68 41 75 63 57 32 24 60 38 19 14 74 25 18 34 38 37 15 42 16 2 27 10 75 42 69 7 36 79 64 56 17
23 34 26 31 78 42 25 6 8 2 27 14 8 65 13 41 27 66 47 56 22 32 66 73 76 23 60 51 27 8 69 56 74 65 21 54 80 67 67 11 24 75 23 42 22 80 54 48 1000000 80 56 55 39 28 53 54 76 55 66 30 60 12 3 77 62 69 6 43 45 43 63 75 38 75 69 11 9 10 39 25 36 33 13 14 75 26 6 40 57 34 12 67 79 6 4 18 31 12 56 18 77 79 46 11 28 31 62 74 13 68 30 67 61 22 60 79 49 33 19 16 41 64 66 9 53 29 57 60 77 18 51 7 73 2 66 33 70 76 48 5 18 13 69 15 30 23 51 49 28 11 54
27 20 31 62 80 54 40 47 22 37 40 52 49 32 33 27 54 19 53 38 28 23 7 42 45 79 6 39 26 64 19 7 23 73 28 49 60 56 31 69 18 25 63 69 80 20 4 78 7 1000000 53 18 9 27 74 50 29 63 2 53 69 71 17 35 61 8 42 63 8 64 19 19 80 47 60 43 9 12 27 77 2 12 54 36 28 16 45 32 44 63 73 52 72 26 31 52 11 64 64 4 58 27 2 27 31 41 79 68 23 13 64 78 52 52 24 5 9 11 14 65 78 14 11 28 52 43 37 9 79 66 76 62 68 71 43 14 45 35 4 36 9 6 53 46 2 62 74 46 25 33 25
67 78 80 23 37 58 60 19 29 36 25 17 30 19 12 36 59 62 46 3 20 27 46 33 7 4 34 25 75 6 58 35 47 76 15 50 36 43 53 45 50 47 42 26 69 40 64 27 8 7 1000000 37 47 22 76 62 40 51 33 5 21 72 36 24 53 40 80 35 4 46 15 74 48 45 68 43 78 30 66 32 34 4 67 23 42 68 28 35 46 33 52 46 71 50 43 44 57 53 39 31 70 15 37 12 45 60 20 70 64 71 12 34 29 22 17 36 43 72 4 45 66 2 21 48 63 15 78 33 51 31 35 8 2 79 46 70 74 36 42 5 66 79 2 75 51 32 60 63 39 18 51
5 29 31 56 10 13 41 11 45 18 56 16 16 29 15 24 26 27 70 49 12 69 33 37 27 66 26 37 12 29 80 63 32 11 77 46 2 77 41 24 28 4 70 61 80 69 46 80 30 53 19 1000000 78 48 67 67 22 65 11 28 65 48 62 78 55 34 24 2 64 35 7 11 78 6 46 73 63 57 75 64 17 27 8 49 51 35 46 69 78 45 19 44 21 17 47 13 36 46 53 15 42 76 20 51 66 38 34 47 22 74 9 16 26 62 13 42 30 34 58 23 56 28 72 68 72 60 25 64 18 62 63 73 48 80 66 6 28 23 10 42 50 65 52 69 53 6 77 42 20 22 35
22 76 23 61 14 78 46 80 30 70 80 53 43 19 76 68 79 58 69 15 52 50 39 44 58 74 42 51 60 15 18 65 63 58 24 29 24 16 46 18 75 68 25 76 73 58 30 30 73 54 62 25 1000000 7 69 36 39 66 14 4 64 37 56 7 34 63 7 71 62 63 76 69 45 62 56 71 37 6 11 13 31 26 29 37 42 70 24 71 53 31 33 67 13 4 48 3 25 41 53 62 9 20 48 78 17 41 20 51 55 64 62 43 74 23 33 46 42 23 75 54 50 44 43 71 54 20 58 12 40 51 27 5 68 58 30 41 3 3 39 80 2 9 78 32 67 44 48 46 12 67 76
37 4 19 9 10 72 44 11 77 36 20 46 76 33 78 2 57 71 45 56 52 51 61 16 69 2 58 35 16 47 11 64 44 69 52 50 14 70 2 24 54 53 46 6 9 80 22 47 24 60 39 80 63 1000000 42 40 14 48 24 65 6 60 57 36 49 26 2 49 33 80 69 16 28 51 41 23 5 55 80 49 80 60 24 76 54 39 26 73 36 46 79 42 50 78 78 76 55 16 50 28 6 28 64 45 66 31 73 33 64 63 33 16 19 21 36 42 18 7 74 75 66 50 23 50 61 7 34 61 49 41 51 80 57 68 10 55 62 40 33 4 55 39 79 59 75 77 63 51 44 46 79
18 46 41 75 60 20 68 28 41 12 60 19 34 16 23 48 67 63 76 7 72 78 25 55 27 36 3 77 46 2 42 44 14 26 13 71 50 7 51 75 38 33 18 73 14 46 73 28 26 68 54 22 57 4 1000000 37 34 12 2 59 39 37 48 7 55 6 7 27 79 2 20 13 27 67 52 54 42 15 14 32 42 12 24 24 70 32 64 69 80 79 13 57 74 67 31 67 44 36 67 50 58 15 74 2 54 12 46 39 71 9 8 49 25 14 33 47 68 6 44 72 32 75 30 42 13 12 9 14 43 65 51 53 65 45 47 7 18 59 13 71 45 19 54 45 6 58 54 80 24 47 61
61 32 47 76 3 75 30 71 11 33 13 79 24 55 58 32 40 80 80 15 2 65 9 4 21 8 63 19 26 57 20 7 28 23 73 4 28 10 21 70 2 27 53 72 63 3 61 68 53 36 4 58 24 64 27 1000000 11 26 61 5 43 51 17 52 25 51 80 71 56 41 24 54 72 36 69 17 55 13 46 3 71 63 39 51 74 58 65 47 63 66 66 33 5 48 31 33 41 34 57 57 37 38 18 5 32 19 80 65 28 73 72 65 65 9 80 72 62 7 4 14 31 75 11 71 32 21 56 74 40 20 29 35 80 75 60 39 37 20 34 30 72 55 28 33 7 67 19 37 77 48 30
35 30 4 69 79 11 65 36 71 29 5 47 50 55 58 73 49 56 35 37 71 39 45 75 39 2 2 48 17 50 47 78 65 63 48 73 21 22 4 52 77 33 15 19 27 40 37 61 78 35 30 40 9 68 20 31 1000000 78 47 44 74 27 63 16 65 34 27 52 54 7 57 9 50 11 61 28 43 4 20 58 66 60 55 66 6 18 21 30 64 11 7 10 70 5 2 71 43 10 48 7 29 62 72 11 76 27 41 41 5 30 64 24 32 46 8 9 59 42 70 50 7 7 68 4 25 72 11 32 64 72 72 66 32 9 30 58 3 18 7 23 59 32 62 14 42 70 57 75 58 74 32
33 10 36 50 63 52 25 38 39 79 35 2 29 30 31 61 2 13 52 43 10 65 3 48 59 65 8 37 74 36 27 24 78 73 34 34 67 13 15 54 50 69 10 46 35 35 56 59 59 54 54 55 34 15 21 71 69 1000000 73 80 76 55 4 42 25 53 69 40 6 43 3 5 3 33 48 27 11 28 7 29 78 77 25 46 72 71 37 55 15 65 21 56 79 2 47 24 77 63 44 2 2 36 28 69 75 72 24 52 79 62 74 64 27 30 49 63 77 48 71 57 68 39 57 34 38 64 79 14 8 2 36 51 68 52 26 9 50 75 69 4 43 65 33 48 70 44 77 9 6 30 58
54 65 37 38 78 13 4 34 13 15 32 70 75 43 31 23 64 54 17 47 8 13 21 17 15 51 64 51 24 42 65 5 70 26 41 44 77 32 23 51 66 77 39 36 15 51 68 46 12 35 49 28 77 57 46 13 2 63 1000000 5 33 11 39 16 74 34 57 8 34 15 75 50 28 70 49 28 21 60 10 71 50 17 66 25 68 16 59 28 24 42 22 78 2 40 57 55 7 26 73 11 65 24 31 60 61 3 52 16 35 29 76 51 26 13 14 17 53 28 41 3 16 48 69 30 74 5 51 6 19 15 19 11 59 49 29 23 36 12 55 43 39 42 74 72 16 32 26 53 54 20 78
11 32 30 39 57 38 54 8 9 52 52 37 5 53 15 2 16 74 4 38 7 4 51 72 73 20 64 14 13 75 8 54 28 33 32 2 11 14 29 28 58 49 70 45 46 80 3 57 51 50 77 63 55 43 21 2 29 28 53 1000000 52 18 64 36 73 71 7 55 43 26 4 55 43 24 16 32 42 52 42 42 25 26 77 33 50 15 51 77 73 78 33 40 3 25 77 40 48 43 67 45 77 54 58 25 46 12 33 48 48 27 6 43 67 14 49 34 74 5 12 37 19 58 37 39 11 70 11 78 19 77 17 10 70 33 78 9 18 73 45 14 11 19 75 24 46 19 35 69 62 37 33
70 2 39 29 46 27 50 65 43 34 3 78 20 35 31 40 40 19 33 43 21 73 13 15 65 45 80 12 31 39 22 7 37 3 5 12 41 35 42 56 55 19 80 69 16 78 55 59 47 40 75 62 15 58 56 16 57 15 41 59 1000000 35 23 52 79 18 74 54 26 19 22 68 13 31 26 48 40 39 60 64 66 78 7 45 37 39 57 73 65 77 4 38 56 4 26 12 32 38 66 30 4 55 12 77 69 30 12 35 14 76 50 50 17 59 13 3 36 22 47 65 32 29 39 47 26 21 20 65 29 65 25 21 43 37 3 21 35 11 58 67 70 32 56 32 59 70 9 49 15 56 37
74 76 10 65 46 26 13 25 10 5 57 17 45 77 43 16 22 44 40 69 16 71 19 45 54 25 20 7 45 41 27 33 38 58 2 68 34 70 17 3 28 25 75 54 5 18 59 53 58 67 60 42 68 58 63 13 36 10 56 27 12 1000000 12 46 12 51 52 55 26 45 65 7 42 66 19 41 39 75 3 18 9 23 72 37 43 53 79 34 53 31 27 44 63 43 24 5 36 20 36 30 67 77 53 17 55 60 58 54 54 13 3 29 41 2 31 76 18 25 50 23 27 56 69 7 24 4 6 79 19 37 37 36 78 54 27 11 12 4 40 29 70 69 4 43 69 10 70 43 31 80 71
11 59 63 63 72 75 74 58 74 75 61 32 76 15 71 72 8 78 6 9 56 79 54 63 28 5 43 2 57 77 28 65 76 13 75 15 37 54 18 38 26 5 25 57 72 30 49 9 20 52 60 52 14 51 40 9 36 31 20 50 75 24 1000000 43 30 67 9 48 53 54 5 32 11 49 22 64 71 14 71 14 63 68 48 62 4 22 69 24 58 28 65 18 56 40 66 9 61 23 26 64 11 18 51 75 15 30 54 65 40 40 69 17 11 58 56 50 26 19 46 11 4 35 31 42 12 20 30 66 54 8 38 2 11 78 56 78 10 50 69 73 72 7 80 10 16 26 10 55 80 76 75
6 53 42 77 51 2 64 70 40 49 62 9 34 2 39 38 33 24 40 30 73 14 26 31 59 55 16 2 67 18 23 14 25 51 72 72 27 58 63 27 31 10 40 19 80 9 56 37 39 69 73 36 72 62 52 34 72 45 50 11 77 14 62 1000000 10 18 44 48 10 54 37 53 25 41 67 40 76 9 68 41 68 21 62 26 57 7 28 39 76 37 11 75 59 22 79 37 12 43 9 23 24 56 45 44 3 11 20 48 47 56 5 48 10 75 76 46 78 45 20 60 15 72 59 18 59 50 63 73 41 64 29 56 42 5 64 54 20 79 39 42 29 16 27 18 77 54 7 64 45 36 44
63 15 2 5 49 37 55 76 31 51 30 75 10 77 14 36 77 4 52 39 49 53 25 48 50 79 76 17 73 56 44 35 44 14 24 58 32 26 14 59 23 2 25 47 9 41 32 22 12 70 43 63 80 12 75 76 43 5 7 43 16 15 55 63 1000000 50 75 46 37 79 75 74 6 32 36 27 72 2 68 65 2 66 5 2 11 24 48 60 65 72 14 53 22 72 61 25 49 61 22 10 61 5 61 51 12 8 61 76 12 16 75 21 58 22 74 6 17 7 57 49 45 17 49 55 65 80 15 9 26 17 24 60 3 65 55 71 19 78 4 19 53 16 17 66 70 31 33 78 5 16 12
7 80 43 26 48 16 42 18 42 30 77 8 69 71 64 14 76 18 77 43 63 21 66 24 64 46 19 7 23 37 46 45 33 36 76 54 38 42 4 62 39 21 35 26 4 64 41 62 3 14 49 33 79 73 32 51 26 51 14 24 34 14 38 23 73 1000000 19 75 60 54 51 55 31 73 12 13 56 42 41 65 55 54 46 53 62 52 33 6 16 38 43 69 8 42 40 43 64 11 80 75 18 6 80 15 52 33 2 39 31 41 14 51 55 37 10 3 30 38 73 4 11 67 77 36 21 30 28 32 38 10 12 30 61 10 4 64 18 47 56 50 44 61 19 80 79 2 27 57 29 11 37
68 16 79 40 61 51 26 50 33 15 54 8 10 42 44 41 23 18 5 32 13 39 6 31 24 57 75 55 44 17 62 78 11 50 62 79 8 15 23 62 54 35 29 55 41 23 12 14 60 4 39 22 18 51 21 31 16 51 21 26 22 64 49 74 15 4 1000000 51 5 54 36 34 43 67 71 73 13 28 47 10 46 6 33 66 53 13 79 10 67 11 41 6 51 5 75 67 52 54 14 46 29 65 24 6 10 26 72 19 73 36 76 58 31 25 52 63 17 36 36 55 10 73 67 50 49 80 14 14 20 39 30 58 77 26 28 65 26 27 27 36 57 34 71 71 32 34 75 63 80 19 64
33 5 44 11 63 53 25 61 6 6 58 30 30 71 31 53 2 32 62 29 67 71 67 51 47 69 64 12 6 65 33 17 27 67 61 18 40 16 76 71 73 9 44 7 37 19 77 10 67 42 50 69 61 75 80 76 38 11 15 62 47 29 4 14 67 50 68 1000000 76 26 75 44 56 60 45 36 52 63 12 57 72 34 26 26 18 21 48 64 47 60 34 40 8 58 43 47 78 33 47 4 19 29 11 46 56 23 26 12 51 75 43 35 75 46 25 51 2 74 21 14 7 62 4 31 66 30 61 45 47 57 72 46 43 77 31 10 37 41 18 2 28 45 38 60 19 22 17 67 75 66 13
21 51 54 52 7 60 76 40 50 15 24 28 73 47 53 80 18 68 38 49 80 55 69 56 35 45 74 4 54 6 38 77 60 55 32 18 16 33 52 18 35 74 69 62 26 36 41 28 30 66 48 32 7 80 40 41 78 64 70 39 72 52 55 47 17 2 18 46 1000000 14 13 29 36 57 78 64 6 54 3 49 13 60 38 26 44 61 52 65 3 34 48 17 63 43 79 39 27 75 30 79 10 26 45 35 3 30 62 54 57 45 68 19 65 19 11 68 76 34 27 46 43 38 12 54 70 13 66 54 31 34 22 19 32 25 14 31 38 34 6 73 14 54 38 80 80 43 15 10 52 11 70
23 4 63 80 30 25 56 56 38 78 51 57 64 12 19 38 10 16 59 58 38 60 77 43 72 32 34 23 62 3 57 15 23 31 4 65 62 70 49 46 66 76 76 60 42 37 30 7 70 80 44 13 22 58 42 19 70 57 60 12 18 62 20 10 56 37 61 8 71 1000000 44 66 55 7 67 38 74 37 74 3 74 19 34 20 38 59 58 78 65 40 3 65 17 18 24 16 8 33 54 6 27 50 27 11 66 29 38 70 67 79 71 28 80 53 20 12 17 80 57 76 32 41 74 3 14 60 76 65 47 80 54 9 7 26 66 17 70 7 21 48 45 26 5 28 36 20 15 21 47 17 5
3 78 12 37 36 57 75 63 42 20 49 15 80 67 29 28 72 25 18 75 39 20 20 38 80 9 26 29 24 50 35 40 73 30 6 21 19 27 50 5 76 60 13 56 16 73 7 49 55 32 17 14 73 61 18 21 72 57 60 36 73 9 78 44 53 78 44 26 47 46 1000000 71 54 62 28 60 49 78 53 52 26 20 52 30 32 27 41 3 9 56 72 61 15 45 7 38 28 26 30 13 37 70 4 11 9 19 41 52 14 57 31 61 7 24 68 40 76 25 34 32 5 72 49 59 5 16 9 77 44 14 66 49 65 51 51 34 36 50 27 74 3 65 19 52 36 40 69 37 80 19 51
67 10 77 9 49 62 39 30 15 59 71 23 79 70 20 22 46 45 5 65 63 26 11 24 76 30 55 21 65 5 53 22 29 79 69 11 52 9 72 76 5 23 67 63 41 39 72 72 63 17 76 4 5 27 79 46 9 25 69 75 59 78 11 68 43 42 66 47 45 36 79 1000000 49 58 73 28 57 6 44 48 55 14 27 18 63 72 59 40 73 47 71 24 6 31 38 45 12 60 19 56 66 13 26 10 67 24 11 36 52 28 66 69 12 43 17 3 76 22 21 3 18 21 25 39 25 29 75 79 7 78 24 43 43 54 67 77 68 24 74 42 68 39 20 52 60 17 24 35 22 49 58
41 32 7 59 51 3 41 26 66 13 78 33 46 31 25 35 13 45 23 76 77 12 14 11 73 10 75 29 53 33 72 48 15 12 80 67 44 71 44 78 56 77 51 31 61 7 10 11 5 58 78 46 17 38 16 11 20 26 30 70 7 64 17 27 27 60 33 75 20 29 33 26 1000000 24 28 12 32 22 61 16 70 41 60 47 20 25 23 34 35 39 71 40 31 20 25 4 9 59 23 65 18 17 44 49 57 26 12 36 26 22 72 65 11 61 75 61 39 6 52 47 5 37 30 27 12 32 21 51 59 17 11 78 50 40 77 72 35 77 80 71 65 57 64 75 24 31 62 9 14 78 42
23 17 57 11 63 21 52 24 8 69 31 66 25 12 54 24 23 44 37 47 57 31 38 24 69 74 79 56 13 33 24 27 69 42 39 4 80 54 28 38 43 78 62 25 33 66 4 12 73 80 70 56 9 37 43 6 4 63 52 53 30 54 80 49 20 55 40 48 48 11 49 22 11 1000000 48 79 68 31 50 7 15 29 20 50 22 29 16 64 32 26 52 25 2 50 66 9 79 5 14 62 24 74 75 61 4 25 35 62 67 36 69 29 47 80 55 67 11 13 74 68 12 56 49 68 68 31 9 10 58 51 62 67 40 80 40 24 18 6 21 22 39 7 43 74 52 56 22 6 22 57 10
44 70 62 74 45 68 22 20 2 64 25 32 2 42 27 65 71 75 66 38 79 26 10 28 35 28 18 71 2 35 14 63 57 78 77 43 67 80 27 4 66 35 37 15 40 52 2 68 52 12 23 33 31 21 42 68 50 31 53 56 42 47 33 38 39 49 22 5 10 52 59 30 32 45 1000000 74 17 21 48 24 48 76 31 53 33 32 65 7 56 9 45 66 9 49 14 36 2 80 3 39 59 60 28 9 49 52 72 50 14 16 56 13 31 20 73 50 29 4 36 11 74 19 38 36 22 6 11 50 33 10 28 51 58 4 5 50 35 29 10 75 15 75 70 34 14 61 57 43 28 70 50
44 6 57 2 56 67 66 79 3 8 3 31 38 29 4 41 16 30 56 33 40 73 49 65 52 76 48 3 5 11 79 36 76 38 57 68 22 59 54 53 40 35 4 35 48 25 44 44 61 47 59 72 57 25 64 46 39 25 26 75 74 63 24 55 4 2 62 22 33 70 32 59 62 79 52 1000000 18 54 10 68 4 70 48 34 68 66 44 22 56 44 33 12 58 5 14 49 7 42 53 15 76 23 13 55 72 56 16 56 50 25 52 11 56 43 76 55 20 42 30 51 66 53 27 14 26 42 2 64 50 55 52 67 64 57 18 59 43 36 22 75 72 31 24 11 50 25 62 24 28 41 51
21 22 8 22 27 16 10 39 46 61 24 67 12 58 75 28 56 53 50 18 78 68 80 50 15 25 31 64 57 51 5 34 22 54 71 63 24 16 70 66 34 58 68 56 40 19 39 70 53 51 5 38 68 6 77 67 34 31 9 61 71 13 77 77 74 48 7 68 75 22 30 32 57 42 35 6 1000000 33 80 68 41 10 33 78 42 25 53 42 11 35 40 43 13 70 43 5 77 70 39 61 61 14 59 62 8 4 19 54 24 16 2 32 52 54 70 2 46 79 69 70 74 66 50 20 63 9 29 50 76 37 25 56 63 6 61 65 13 5 68 76 46 22 44 44 61 49 18 53 55 20 9
54 42 9 77 66 63 72 59 20 15 21 53 16 46 77 30 3 49 5 15 66 70 48 66 47 7 71 56 36 48 78 57 14 14 22 46 79 46 55 16 57 16 73 11 40 23 69 51 21 54 31 38 24 17 68 40 79 67 6 53 56 16 31 22 46 12 20 32 65 44 73 58 38 59 38 59 4 1000000 3 13 64 36 75 38 57 78 13 48 32 30 53 38 57 46 78 45 9 59 58 25 43 33 35 43 52 47 34 35 62 69 63 45 55 15 4 4 41 31 29 73 20 24 14 64 68 45 54 79 49 47 49 62 60 40 49 6 55 5 7 66 43 29 72 67 18 54 52 21 52 40 21
19 26 21 78 26 53 70 69 3 15 37 62 54 38 32 22 20 7 49 49 41 34 10 3 42 16 6 9 29 18 30 53 12 36 73 20 54 6 66 29 23 63 2 20 45 44 57 44 60 43 44 67 3 72 76 68 26 32 51 23 18 52 6 8 74 53 34 61 32 8 54 54 58 9 51 29 54 55 1000000 4 64 30 18 12 11 10 47 10 7 12 73 25 41 20 62 32 28 31 43 79 48 11 34 74 66 65 16 17 17 52 33 41 68 25 37 62 56 28 65 74 58 50 2 20 48 73 80 37 14 30 4 34 25 75 41 24 27 47 38 6 12 60 66 9 3 13 71 3 30 18 77
5 47 23 2 17 75 49 17 72 18 69 72 44 31 7 5 40 64 62 9 7 56 71 48 54 24 12 27 68 29 65 24 71 16 14 58 20 4 76 21 27 34 41 30 62 76 43 38 21 11 51 3 69 64 31 9 7 52 13 75 65 66 45 75 61 49 42 28 7 4 28 44 42 31 72 61 45 44 22 1000000 21 77 21 80 44 29 50 46 56 48 49 44 2 3 7 50 76 67 51 67 72 22 32 32 39 28 17 80 3 62 61 35 52 35 54 57 56 46 13 69 7 35 35 13 80 56 60 46 70 71 71 39 73 57 74 33 10 62 12 41 65 23 23 42 39 44 41 79 26 31 77
53 21 31 16 2 10 12 12 24 65 35 7 79 18 55 18 12 40 35 77 63 27 12 74 16 50 14 36 20 71 27 54 33 28 74 15 61 76 28 80 80 28 73 11 79 52 76 55 13 48 69 10 52 5 22 18 12 4 50 65 55 72 42 76 21 27 13 80 51 74 62 76 44 50 17 74 80 40 48 4 1000000 22 17 4 35 74 72 43 17 74 70 32 14 61 62 64 31 2 71 33 38 45 30 44 53 17 27 23 68 73 80 54 76 10 54 60 5 19 2 25 70 16 66 60 74 42 58 34 4 30 75 54 44 39 75 34 72 61 68 33 57 57 35 50 80 44 26 15 31 61 21
7 30 32 55 73 29 55 10 3 55 53 62 23 77 75 57 20 80 25 24 12 15 8 66 36 72 26 9 39 7 77 36 4 39 25 41 57 74 35 2 38 31 61 23 61 6 50 72 64 16 37 44 6 62 40 73 79 5 25 16 28 60 26 18 41 67 80 54 8 24 37 65 7 64 56 69 40 5 77 34 33 1000000 48 76 67 67 73 24 68 51 24 79 58 45 48 73 71 48 48 76 48 43 21 74 10 79 2 52 5 58 74 31 66 57 51 39 52 33 76 43 61 4 74 61 40 14 3 58 70 52 75 42 36 4 53 17 68 52 47 2 79 58 44 12 66 73 2 36 74 12 73
64 5 71 73 30 31 48 58 70 8 3 8 35 50 54 53 68 28 41 4 30 22 61 47 63 28 53 45 14 28 9 9 59 31 14 44 23 20 64 34 72 48 3 16 32 61 57 61 58 7 51 17 59 78 10 43 54 19 24 23 46 57 28 14 54 40 55 28 5 32 14 5 75 47 61 78 26 43 3 35 18 20 1000000 76 38 9 28 37 8 38 74 35 11 76 12 50 54 71 65 49 77 37 15 77 22 75 41 76 3 22 72 52 69 32 56 23 55 21 17 75 58 47 71 72 75 40 23 3 9 79 79 53 54 43 35 58 47 75 16 45 51 27 27 49 2 75 49 46 66 27 78
33 46 21 70 50 13 53 64 26 52 65 54 78 37 7 24 74 54 16 74 55 75 30 24 52 48 65 78 5 23 64 71 47 11 43 30 6 80 39 7 57 35 77 48 71 10 43 13 70 68 6 66 51 13 53 59 69 29 48 5 66 52 66 59 69 67 75 51 27 6 32 9 39 38 68 50 61 44 54 50 16 54 60 1000000 39 62 28 2 74 37 53 70 28 56 10 42 53 63 73 3 52 59 31 3 23 70 69 71 79 32 69 28 64 39 67 62 33 14 26 66 72 31 49 29 66 60 71 48 41 18 13 40 73 35 38 53 16 63 61 79 56 48 74 74 67 11 53 80 35 17 35
7 37 68 14 10 30 59 18 51 27 49 61 35 46 19 64 23 38 21 4 78 37 50 70 18 6 68 51 52 73 4 26 44 46 51 51 43 36 30 64 43 40 75 42 25 80 3 2 34 23 6 17 50 75 24 23 77 64 16 38 26 36 19 47 28 71 18 31 75 9 30 50 9 35 76 59 63 42 49 63 62 72 15 41 1000000 14 34 7 16 70 9 8 75 10 61 43 63 69 45 62 39 58 75 43 4 55 52 8 19 63 76 28 39 71 76 34 26 63 47 46 64 55 25 73 72 14 71 54 62 10 75 27 34 79 54 28 17 57 75 30 60 80 71 30 76 34 4 40 54 51 46
41 2 31 35 53 29 10 47 2 19 58 43 2 68 72 12 9 36 51 58 50 71 58 21 16 3 80 79 55 45 28 73 36 48 67 43 74 58 67 25 8 60 40 30 43 28 63 43 74 63 7 45 76 64 47 34 80 40 58 75 43 70 69 15 13 73 19 34 75 62 36 13 11 25 27 44 24 29 72 34 50 26 68 13 35 1000000 61 6 69 43 24 20 70 60 27 33 54 4 25 22 34 16 4 72 37 50 5 3 6 25 30 27 9 34 66 64 54 4 67 16 47 77 33 22 32 11 10 59 49 7 49 22 56 21 27 26 63 69 41 66 65 4 65 69 51 73 39 55 27 80 39
78 12 51 40 4 8 15 4 14 20 4 39 24 8 30 67 20 60 9 48 41 61 33 67 47 51 43 63 11 32 74 11 60 7 26 35 14 52 46 68 53 39 75 49 15 80 73 69 75 6 13 30 65 2 55 79 28 31 37 47 7 43 17 5 47 23 67 29 43 41 6 33 68 33 80 65 16 73 61 37 70 43 34 74 78 33 1000000 6 60 44 55 61 23 64 72 15 32 44 68 44 49 77 55 45 71 70 10 69 70 40 19 48 32 65 19 37 12 20 43 13 37 70 7 3 61 11 9 46 71 6 54 71 69 36 5 62 31 12 70 3 26 45 49 22 69 20 50 6 59 17 74
60 78 43 9 23 38 23 69 26 33 53 20 27 45 79 61 7 23 49 54 16 17 76 55 49 61 72 78 43 14 47 6 60 49 39 66 19 38 17 54 15 67 13 75 24 15 27 25 33 77 54 40 41 2 60 9 27 60 61 5 13 19 66 49 75 55 37 22 79 66 9 42 43 40 21 39 23 71 46 22 31 64 5 59 23 34 53 1000000 5 74 67 54 11 23 52 13 16 27 55 35 20 37 65 24 53 27 39 53 66 27 5 10 61 48 28 52 57 6 13 49 70 27 66 29 49 61 30 65 11 26 49 48 51 58 32 68 21 67 14 51 56 41 80 47 58 66 72 31 36 48 48
28 12 47 18 11 34 27 15 8 55 69 46 79 55 24 68 23 36 4 33 66 62 3 53 13 73 32 30 51 61 33 23 47 21 20 44 23 51 72 46 46 42 52 22 58 51 18 60 45 25 78 8 6 59 35 32 17 3 78 62 65 31 32 80 18 74 26 38 73 8 51 8 72 69 60 54 32 13 46 80 42 33 79 26 72 60 12 15 1000000 9 23 73 72 42 68 63 57 61 20 10 40 37 58 21 72 19 79 78 45 38 72 51 66 63 42 59 71 75 59 24 59 55 77 15 54 19 79 4 27 28 20 33 73 60 67 49 25 31 77 54 51 43 26 67 54 78 14 26 49 34 75
71 51 2 28 8 62 45 41 46 21 57 36 54 72 23 25 54 80 9 61 31 41 40 18 28 16 53 27 11 56 37 30 40 71 80 67 50 25 4 62 66 75 56 13 59 22 70 67 20 57 54 2 70 3 38 44 42 42 13 33 35 46 34 22 23 76 31 20 39 65 54 59 21 8 49 8 44 14 28 5 21 40 9 33 68 78 2 17 9 1000000 22 3 64 78 24 19 39 40 26 46 66 14 46 7 45 79 13 4 44 39 34 63 24 25 66 35 59 15 11 61 47 39 19 40 45 12 40 47 45 51 8 23 22 74 50 7 38 9 55 44 28 57 35 28 23 61 33 42 55 8 2
31 54 62 33 45 33 44 35 74 40 50 41 21 16 73 56 4 52 41 66 14 10 71 77 32 22 44 79 49 76 76 78 2 57 60 16 22 60 7 31 70 32 66 22 64 49 12 37 78 25 62 15 75 74 16 71 71 70 58 20 69 49 66 69 42 74 72 51 17 18 47 62 33 54 58 68 7 80 6 24 55 23 67 74 54 23 53 10 37 31 1000000 20 28 60 25 65 30 7 28 6 36 7 72 8 48 73 26 59 68 28 16 47 38 27 32 23 14 54 47 76 60 41 39 20 9 75 3 70 80 10 56 49 60 9 55 39 52 23 26 59 6 15 18 72 38 65 76 46 59 40 11
30 75 74 71 50 50 44 36 52 19 54 60 52 38 33 41 27 6 23 4 47 50 72 21 29 70 53 26 3 15 14 27 17 9 54 35 78 78 19 19 18 78 31 47 62 78 72 59 47 59 49 19 38 32 49 66 3 62 29 24 80 53 14 71 6 79 11 15 38 45 73 46 70 12 54 14 23 72 65 36 28 49 80 17 74 57 6 16 59 78 65 1000000 23 55 13 36 78 39 4 23 44 71 44 36 75 64 27 79 59 74 27 65 11 11 37 33 63 46 33 13 80 43 63 19 44 70 74 26 65 19 45 29 16 29 50 60 20 62 35 3 5 28 20 33 80 43 31 26 58 39 62
66 55 32 41 32 50 12 22 10 51 45 12 3 5 19 50 38 55 27 67 59 15 13 70 22 16 47 33 74 41 47 26 6 51 23 38 60 22 55 35 12 78 75 39 18 18 23 51 7 55 41 76 14 53 42 71 69 5 38 25 6 67 3 73 46 39 74 65 63 4 12 66 39 71 76 8 37 64 58 23 33 3 65 8 45 58 21 17 15 24 55 19 1000000 8 54 54 33 23 48 25 12 9 18 78 20 78 39 31 71 25 34 26 2 2 56 15 74 70 45 28 28 9 72 4 38 17 43 75 47 13 27 43 75 66 33 34 37 42 61 3 74 71 39 49 46 73 33 8 55 74 8
18 39 63 3 41 71 11 16 32 65 8 8 80 50 26 42 55 64 50 17 59 20 73 73 70 15 5 71 36 5 64 14 47 14 18 9 28 6 24 10 73 62 76 53 60 25 43 66 75 28 74 74 28 58 58 69 28 3 2 73 5 32 50 4 18 6 25 39 48 31 9 63 45 61 74 32 67 44 42 36 48 20 77 14 4 58 8 44 17 28 18 25 79 1000000 75 14 72 16 47 38 19 74 37 34 6 46 50 61 42 21 24 66 66 20 56 27 33 13 71 76 75 19 62 66 36 13 25 79 5 21 41 65 32 25 75 78 49 68 8 32 71 57 71 65 5 75 3 15 30 8 4
48 29 8 62 8 73 33 34 19 44 40 30 58 2 3 74 76 34 59 44 50 55 43 34 6 15 4 45 63 58 25 33 14 10 18 34 56 3 16 66 65 37 72 77 80 41 30 17 23 18 2 22 15 79 13 75 73 39 68 61 53 3 19 31 74 28 63 56 74 56 34 32 76 69 5 53 50 20 45 16 33 11 28 48 57 19 24 16 12 63 8 44 11 64 1000000 13 53 73 15 30 14 47 73 68 38 55 40 35 18 7 54 43 16 43 74 44 53 27 12 24 47 22 72 79 6 42 10 55 68 71 3 52 18 72 14 64 29 48 38 3 62 50 6 5 50 79 8 32 37 69 34
61 38 16 28 54 17 60 45 23 59 37 10 42 62 69 33 73 12 37 26 13 63 5 7 40 26 16 50 39 64 17 73 38 24 42 9 14 4 65 29 79 44 54 32 4 33 32 64 63 44 68 77 25 43 32 63 9 44 74 78 8 5 44 4 65 70 71 56 66 68 39 4 11 72 12 79 56 4 69 36 5 3 30 7 44 5 35 65 80 54 35 5 64 37 57 1000000 69 65 65 53 54 66 71 29 41 62 47 47 78 24 74 46 30 9 17 75 5 46 21 48 70 72 39 51 60 59 64 5 66 17 55 5 76 70 49 41 44 55 9 8 40 21 37 64 45 28 78 31 75 75 7
3 72 66 73 47 71 20 72 59 55 72 73 69 29 21 53 56 2 31 55 4 66 30 33 44 64 17 72 78 67 22 70 35 63 64 43 39 57 46 18 74 61 43 44 16 65 18 20 39 78 40 53 23 27 28 55 44 21 80 6 3 72 78 5 2 51 71 57 32 59 69 13 5 55 23 58 49 67 66 38 60 34 56 3 13 42 62 21 54 64 17 17 28 17 4 67 1000000 16 21 15 6 32 16 16 13 19 13 26 71 41 74 65 75 24 80 77 36 25 27 4 44 74 27 61 47 10 62 60 48 6 69 26 11 29 63 22 16 59 67 5 3 16 28 13 52 5 20 49 39 33 6
17 43 31 28 35 76 52 46 70 30 30 17 78 77 80 73 21 39 78 59 47 49 59 31 48 45 50 79 3 21 50 61 48 62 38 13 71 15 47 24 70 79 9 47 55 46 19 33 4 77 70 63 18 80 57 32 68 74 36 21 8 80 71 62 62 8 74 53 20 70 56 17 8 3 11 27 18 75 66 44 37 59 20 39 44 45 29 37 46 13 6 52 66 71 62 60 75 1000000 27 78 11 63 17 35 61 78 33 80 56 73 48 53 75 72 37 7 17 44 18 68 24 9 11 32 31 71 71 71 62 64 67 14 47 14 44 27 59 13 13 17 63 20 62 39 13 59 18 79 67 35 67
18 77 26 11 7 6 41 37 63 32 60 68 27 48 50 29 56 67 78 19 11 76 31 56 40 28 39 20 22 37 47 15 20 49 72 55 16 28 48 50 25 25 53 34 21 7 48 5 35 62 43 78 23 80 29 10 9 26 5 65 78 47 52 63 10 13 15 32 14 32 54 29 26 61 26 3 31 25 3 50 22 8 73 47 57 10 48 56 3 54 54 46 43 44 56 49 47 57 1000000 45 17 66 73 71 17 80 71 55 12 32 17 41 11 34 37 26 60 76 19 37 3 74 63 41 72 14 15 40 13 26 35 33 43 77 39 28 74 15 69 71 59 62 48 18 55 15 51 54 15 9 32
58 43 71 38 53 63 5 4 74 6 32 49 44 33 21 61 62 2 73 37 8 5 40 72 19 12 57 73 55 44 53 27 33 35 12 37 57 22 18 24 77 23 34 36 43 53 41 25 15 45 61 26 18 61 62 70 33 38 10 9 42 42 31 5 25 62 43 71 59 33 46 13 39 15 39 15 21 69 79 76 3 64 22 64 59 33 23 78 32 24 53 4 74 19 33 60 51 49 79 1000000 65 10 67 75 66 44 15 28 61 16 4 60 2 20 65 28 11 18 56 77 67 4 24 54 47 49 79 79 45 9 33 36 21 41 22 39 39 58 67 5 5 45 54 77 9 26 45 30 43 67 72
36 11 75 13 20 43 68 23 46 75 19 4 36 80 44 43 19 12 42 15 41 7 13 69 64 5 48 74 76 14 37 53 48 77 74 22 15 21 39 36 4 48 44 64 73 45 67 24 30 60 26 49 79 5 11 16 10 50 73 31 65 13 53 64 31 2 79 52 24 69 75 49 44 26 40 6 79 12 42 63 7 23 34 10 51 62 21 76 36 51 20 70 8 25 37 18 53 3 32 58 1000000 76 12 9 75 28 77 23 70 71 49 23 26 5 62 73 61 70 49 77 46 62 10 57 65 59 79 61 53 19 52 57 6 51 36 6 39 28 9 78 41 40 49 45 26 33 20 36 74 76 55
10 10 53 25 58 35 6 72 42 3 61 9 3 46 49 8 34 18 35 14 36 35 43 50 58 20 44 31 20 77 68 40 8 27 36 54 35 6 44 30 60 13 59 17 72 44 75 28 20 10 45 7 37 77 6 10 2 27 27 15 18 12 80 9 75 74 62 3 70 15 55 61 58 12 53 31 58 7 66 61 43 40 58 66 8 76 48 62 63 31 80 29 12 40 36 7 45 13 44 64 68 1000000 22 22 31 70 7 52 25 35 47 66 26 30 69 70 12 27 75 28 80 20 18 21 18 66 28 51 69 56 69 40 33 9 64 19 46 14 55 15 71 79 11 75 79 43 33 68 31 14 6
6 41 54 46 14 4 4 17 8 35 46 68 79 49 34 15 11 30 40 35 74 69 8 52 69 19 15 41 8 17 31 74 19 9 58 10 45 17 46 42 9 55 11 37 73 51 35 57 14 69 73 49 46 43 48 51 72 29 20 57 60 64 61 65 66 44 79 9 25 18 20 68 9 72 58 48 77 55 29 32 41 42 40 20 64 66 38 43 24 14 35 16 6 19 34 74 73 20 9 5 25 6 1000000 15 7 58 49 7 3 37 36 51 8 22 74 50 37 12 74 35 11 61 23 32 63 35 64 61 16 53 25 43 74 51 27 47 49 7 62 26 68 36 9 14 9 35 12 38 69 55 52
15 72 69 2 4 64 5 52 71 22 29 7 12 62 31 52 48 37 39 66 6 61 24 49 13 26 79 66 22 48 17 65 64 14 66 10 46 35 17 22 23 40 32 66 7 53 70 17 49 20 24 46 77 68 47 55 49 2 23 61 26 7 41 24 23 20 3 30 28 72 10 12 60 62 69 15 75 12 74 50 56 75 25 20 26 76 51 72 28 3 80 75 60 60 50 47 51 13 26 70 9 42 12 1000000 14 43 47 34 24 10 48 6 80 75 56 32 56 24 46 34 72 75 75 80 75 24 67 22 33 5 30 31 72 27 58 19 46 52 54 4 76 16 70 11 67 34 37 5 21 61 39
59 3 14 19 10 74 28 12 6 9 15 7 31 7 60 11 58 34 15 37 22 19 49 51 6 2 48 29 73 64 69 61 37 27 15 21 13 41 40 68 57 61 74 64 26 40 51 69 78 48 70 67 17 31 60 56 55 66 79 39 36 68 37 31 2 41 26 42 45 65 34 26 75 30 24 55 73 41 7 13 69 4 30 48 55 27 11 50 24 76 18 66 27 37 68 55 64 57 27 12 8 73 42 77 1000000 43 3 62 52 38 79 33 62 79 79 22 30 79 80 48 73 25 13 43 72 70 45 51 55 77 60 48 5 13 10 59 37 27 69 63 80 72 64 66 39 68 28 57 11 78 29
60 6 30 17 48 43 37 76 53 43 27 61 21 13 27 71 28 61 31 33 22 70 57 12 30 25 60 13 32 45 37 69 5 19 4 25 11 79 9 32 47 60 54 64 37 25 41 62 58 65 80 26 41 73 68 74 71 22 28 24 37 17 57 47 76 62 57 77 75 72 15 54 37 80 24 52 9 4 35 67 44 24 41 76 60 79 46 44 73 70 55 53 12 24 21 33 16 73 69 41 33 10 62 65 3 1000000 39 22 4 65 70 15 21 53 40 79 31 63 49 74 53 41 67 7 7 3 48 17 25 36 2 35 6 55 55 2 10 56 69 37 27 33 41 16 11 49 53 69 8 46 31
38 50 2 61 76 42 18 14 5 50 69 18 39 2 49 40 78 79 60 25 17 37 79 69 20 70 63 40 5 16 73 32 57 77 54 75 8 51 46 10 47 73 29 72 69 47 21 53 63 29 4 61 35 62 33 40 38 24 8 22 23 74 22 45 78 31 41 7 59 76 20 45 75 8 71 67 21 56 73 27 60 80 54 26 49 42 80 39 77 52 72 78 32 56 42 9 19 24 14 53 62 32 3 80 55 11 1000000 80 64 41 25 12 61 46 54 47 45 15 5 69 69 66 59 59 7 13 3 19 77 10 50 36 38 20 37 65 64 58 50 47 74 45 47 67 22 52 11 66 62 42 63
10 10 32 10 47 37 23 74 27 54 11 79 50 70 3 26 43 23 9 13 52 68 7 48 12 77 78 22 12 38 79 73 58 3 69 79 15 23 2 29 40 14 43 23 46 32 7 74 53 50 14 16 50 76 69 68 15 9 69 79 69 60 12 47 31 57 80 36 67 79 7 4 19 50 29 58 21 75 43 38 40 7 4 11 31 77 67 14 56 9 44 15 45 37 44 61 4 73 34 77 44 66 43 45 13 18 21 1000000 37 42 18 55 42 15 60 50 21 69 49 66 27 65 52 28 23 44 79 72 65 75 41 13 25 32 42 30 3 32 68 16 75 67 14 3 43 62 76 4 77 20 23
65 17 76 44 70 11 37 31 67 9 6 24 10 28 64 22 22 14 18 73 78 15 5 77 38 80 40 29 80 27 17 18 42 13 80 17 54 10 22 23 67 77 72 11 33 21 25 39 71 46 79 77 27 5 42 57 37 39 65 60 59 51 10 12 19 72 16 32 8 69 78 16 13 55 49 15 47 63 79 50 62 28 69 6 52 59 29 40 65 66 61 49 6 51 30 4 37 67 23 50 56 47 38 15 39 37 30 54 1000000 48 47 61 62 33 65 24 56 39 11 60 44 21 70 16 37 21 75 37 22 45 33 59 59 34 15 39 44 5 3 77 5 62 45 8 53 3 7 8 11 13 38
45 8 42 70 8 42 32 51 21 48 68 72 70 8 36 10 47 58 69 11 78 60 32 45 33 55 53 37 17 43 77 60 49 59 73 78 32 5 57 35 60 48 53 34 32 63 3 36 42 30 25 42 21 55 42 26 10 58 65 54 63 8 36 73 73 28 2 6 41 22 40 18 69 21 72 63 67 47 29 77 66 5 18 63 2 73 2 32 6 77 57 73 10 44 51 10 42 21 19 75 6 54 76 56 67 29 4 21 71 1000000 59 32 37 5 78 44 47 40 68 80 76 33 44 65 24 13 71 7 41 66 74 29 60 58 72 73 18 5 69 41 24 16 55 59 57 10 17 41 19 10 27
80 39 22 7 80 34 18 59 27 33 79 11 57 69 2 44 2 70 36 42 26 65 40 53 50 59 13 8 79 35 3 76 59 32 80 60 32 49 41 65 30 79 12 9 7 45 28 8 27 55 65 8 12 3 40 20 18 48 12 15 44 75 46 11 11 71 28 33 57 20 6 38 3 58 13 56 76 66 4 54 25 31 43 7 49 15 71 15 29 45 64 44 2 20 29 40 71 73 48 66 35 16 49 3 60 72 35 11 38 17 1000000 48 60 3 11 56 23 3 44 60 63 72 34 25 75 74 6 19 49 10 46 26 67 41 25 15 43 22 76 21 65 78 77 21 35 60 38 78 60 55 24
55 78 52 27 13 13 70 24 5 51 34 32 43 62 23 3 43 44 29 4 72 54 72 73 5 4 74 69 28 29 9 69 50 62 38 8 16 65 75 7 23 17 69 69 60 41 7 50 46 46 50 37 50 61 33 62 33 78 38 70 54 50 23 17 13 3 8 66 28 70 40 16 77 32 76 24 52 10 39 29 17 15 54 67 5 25 63 37 79 44 44 52 78 77 43 20 77 66 45 25 8 47 77 62 38 14 21 52 30 42 68 1000000 18 2 22 67 45 8 36 71 51 53 74 71 40 62 22 60 43 62 30 29 74 24 16 66 2 48 31 36 72 80 25 37 6 51 23 21 54 48 62
11 57 26 25 38 79 51 62 76 70 59 24 45 50 61 49 2 74 73 70 58 45 73 46 37 13 13 19 79 47 15 37 45 19 52 25 7 60 37 32 50 80 26 68 22 71 40 22 60 33 13 47 26 70 26 63 50 8 5 10 32 6 25 60 72 69 69 52 3 12 25 30 21 36 42 18 10 77 23 14 3 31 37 33 36 55 23 37 38 35 34 29 6 77 66 65 14 5 77 46 66 17 59 6 78 71 78 49 31 41 22 65 1000000 20 3 26 31 29 55 19 46 73 5 14 26 80 76 7 42 72 50 39 2 57 61 10 17 75 16 4 75 7 59 33 37 64 32 10 25 16 57
62 51 62 16 76 55 39 35 9 26 31 38 75 76 76 42 58 36 59 17 55 39 12 36 8 67 32 49 80 3 50 58 28 48 35 34 4 11 48 9 65 50 4 10 14 45 69 2 8 53 47 37 30 3 62 45 2 49 75 9 10 55 14 68 25 74 78 22 58 58 26 68 11 63 76 46 35 56 70 76 63 43 71 63 43 65 72 6 48 69 49 58 17 70 21 80 52 66 15 31 69 53 68 35 74 61 42 15 29 64 15 68 35 1000000 28 39 23 16 74 9 7 44 11 68 74 32 17 45 50 32 74 53 8 2 2 46 2 50 71 6 57 23 33 5 28 16 17 7 42 45 77
41 13 51 24 4 33 54 45 42 38 28 29 50 17 75 80 76 72 40 62 10 63 43 33 74 49 30 5 32 13 5 24 43 80 71 20 66 24 65 22 49 69 33 47 21 80 13 48 75 74 44 19 68 34 28 45 51 26 13 55 47 3 25 79 55 25 9 28 6 33 58 24 9 76 69 47 49 7 71 76 18 66 36 3 63 43 32 47 5 66 63 2 47 38 28 22 4 78 25 40 35 22 25 55 78 61 13 53 74 24 45 59 73 31 1000000 42 51 69 33 9 51 38 49 61 16 69 40 73 39 61 73 44 71 41 35 46 29 42 5 64 61 46 66 28 22 43 70 65 66 76 65
44 26 4 8 30 61 51 53 16 15 25 44 34 14 23 11 77 3 50 56 72 27 17 7 48 71 2 10 3 28 16 15 60 55 28 28 58 71 42 8 73 24 37 7 6 4 61 75 45 65 68 39 8 74 78 36 59 48 29 60 64 6 12 66 25 2 12 11 76 74 66 29 73 24 43 4 78 15 32 12 44 53 18 69 47 57 58 38 48 3 5 6 7 11 72 32 15 23 22 18 71 62 51 51 20 28 40 12 12 66 17 25 14 73 56 1000000 73 37 46 9 68 67 61 31 70 69 69 58 45 21 30 3 78 3 54 65 22 61 43 28 74 22 11 12 59 44 48 51 32 33 46
57 9 80 50 2 80 13 76 22 54 56 24 59 29 22 76 14 21 57 74 37 17 15 65 63 67 15 5 56 21 25 33 52 59 77 30 18 78 77 52 39 43 18 60 80 32 69 25 73 27 10 71 23 8 51 64 41 30 18 37 53 13 73 35 50 63 15 12 5 12 74 47 73 45 8 57 78 73 26 67 27 2 5 80 33 8 56 80 50 75 30 27 5 19 17 49 33 53 39 69 10 4 5 16 4 53 71 70 69 3 77 39 74 38 33 20 1000000 68 42 28 4 19 30 30 44 40 39 78 17 72 51 2 15 46 75 28 50 22 26 36 37 23 37 37 31 44 80 66 41 77 11
59 5 30 61 21 22 49 73 61 25 7 54 64 80 80 39 70 24 37 25 42 69 46 65 15 29 41 41 26 59 66 6 6 46 36 51 53 26 17 5 78 22 14 66 10 64 70 64 13 12 37 18 40 70 17 9 36 11 22 32 63 33 19 46 5 44 59 31 64 32 67 65 23 67 28 3 3 5 72 33 9 33 60 38 60 26 79 28 49 41 51 59 3 3 67 31 53 2 76 78 74 23 71 8 23 41 19 77 11 55 77 72 56 68 50 22 11 1000000 65 30 21 8 78 49 62 13 50 8 52 7 60 73 11 56 7 4 34 16 51 57 52 78 55 6 15 23 57 13 10 60 7
52 74 49 80 8 52 34 26 20 31 36 67 7 74 2 3 8 42 4 5 57 51 58 57 52 76 43 37 22 39 37 68 29 39 72 27 65 36 16 16 31 30 6 15 42 9 52 39 41 59 38 32 5 75 26 23 70 2 74 56 23 64 68 43 50 50 4 67 7 37 55 2 29 21 7 47 39 74 66 36 31 27 24 53 41 46 6 66 67 20 3 75 60 23 18 18 52 68 55 79 75 55 24 18 43 55 10 28 22 17 9 23 55 55 70 42 53 64 1000000 63 30 15 3 43 58 22 52 51 26 61 44 50 78 29 75 69 8 51 51 75 56 43 72 15 50 66 3 2 52 20 13
11 57 6 72 29 70 18 27 47 60 60 51 64 44 36 44 9 33 13 24 50 51 62 25 6 15 22 36 66 49 5 19 29 38 9 35 47 46 38 22 14 59 75 16 29 25 37 14 62 49 50 68 78 7 34 19 15 15 46 38 62 51 34 51 30 50 27 5 32 14 15 49 75 30 27 73 27 45 20 34 11 72 29 7 54 55 6 6 53 25 15 53 33 43 52 65 38 72 78 68 62 26 56 39 31 5 37 9 32 6 71 2 46 2 4 14 78 59 21 1000000 36 24 28 57 66 73 10 38 36 37 77 26 2 76 78 67 11 52 52 70 64 19 76 9 5 8 56 25 53 58 37
69 2 51 25 3 68 19 59 39 68 37 42 17 63 71 60 63 36 35 46 35 9 47 47 65 41 67 37 32 63 20 11 34 67 78 17 25 63 6 29 57 37 37 79 45 51 13 11 46 65 62 40 60 37 71 27 67 66 25 29 44 9 29 9 14 72 4 61 35 63 58 76 57 25 33 32 38 37 17 60 19 39 40 52 13 20 52 59 13 60 24 67 65 12 77 8 74 47 42 64 69 48 70 70 35 67 18 42 73 62 31 74 66 34 23 30 35 60 63 63 1000000 71 12 43 71 28 2 27 72 16 4 73 37 76 72 62 10 76 8 80 21 62 76 24 54 44 76 16 45 36 49
2 40 63 53 34 57 79 12 35 49 8 39 12 26 70 3 30 31 31 47 41 54 7 53 9 42 73 54 78 19 77 8 19 45 47 4 14 67 66 14 66 15 27 20 17 77 32 20 69 50 55 32 19 78 44 38 36 76 64 72 15 17 47 46 22 22 56 23 29 44 59 11 76 45 42 52 41 19 34 50 4 12 71 5 68 64 17 59 4 80 63 75 49 10 19 35 53 18 66 38 54 10 25 22 42 24 44 63 60 37 67 12 13 22 17 15 7 53 15 15 17 1000000 66 41 28 79 49 48 44 43 26 32 40 37 74 70 49 75 8 66 63 67 25 44 48 72 39 42 53 14 2
44 71 73 22 52 64 14 16 34 38 70 77 38 68 67 45 4 26 26 22 33 8 44 12 35 62 44 73 33 25 43 24 23 75 33 28 12 32 21 57 19 9 61 68 30 79 25 72 50 18 29 73 61 70 29 70 60 43 28 19 23 73 33 11 36 43 59 47 34 14 9 17 32 13 10 37 78 78 62 49 45 33 12 53 49 24 30 60 28 3 23 71 27 76 5 76 26 66 40 24 39 20 67 58 27 72 30 48 7 46 68 71 35 24 55 29 44 38 12 10 38 79 1000000 76 15 80 44 2 5 61 8 62 8 38 72 35 18 43 28 9 57 55 10 28 34 72 40 31 12 75 71
21 71 22 61 30 74 8 55 17 3 8 26 46 22 44 66 29 56 30 22 27 41 62 79 6 63 8 26 53 55 13 13 71 34 7 4 56 23 9 66 79 62 45 65 43 18 62 57 3 13 19 72 44 21 29 63 11 48 2 58 51 79 58 61 27 51 76 31 24 7 45 16 22 37 7 13 22 5 63 27 79 73 40 53 63 41 71 31 53 13 45 7 54 62 69 5 69 66 43 17 24 31 65 48 78 79 78 54 14 2 25 22 70 52 29 68 77 23 73 61 12 63 64 1000000 41 30 2 65 34 14 18 19 24 11 63 61 38 41 3 80 74 50 27 6 14 72 19 50 32 30 77
11 10 12 45 15 62 70 51 36 22 12 60 52 36 67 4 2 29 26 72 44 6 42 62 28 16 23 27 62 26 34 16 12 11 8 24 66 27 51 27 75 16 17 13 70 40 52 20 14 31 47 71 46 50 70 51 4 10 25 51 8 24 58 64 14 43 21 17 48 27 38 40 16 30 13 40 80 67 4 64 46 32 2 22 55 28 78 46 25 46 61 76 58 9 33 46 10 25 12 55 4 43 32 43 33 4 61 66 36 63 73 39 42 6 79 7 72 26 36 36 42 45 10 27 1000000 2 44 27 75 8 47 2 57 43 64 28 12 25 11 73 36 19 71 28 55 22 12 65 36 62 18
57 54 6 13 61 6 32 20 67 63 58 32 53 68 75 26 66 52 30 41 66 44 22 3 50 23 31 36 70 12 39 75 73 12 36 5 63 60 34 74 79 51 56 24 9 31 76 56 28 39 8 7 45 48 18 79 35 23 27 36 35 60 44 54 54 37 24 71 49 9 78 11 16 47 27 65 70 60 10 10 79 76 27 45 12 72 19 37 12 60 49 3 6 29 64 21 66 29 15 59 60 25 12 30 58 79 39 75 45 80 80 61 11 74 55 16 26 14 15 80 69 4 46 55 75 1000000 23 9 59 5 59 80 46 54 43 12 53 37 39 62 75 44 75 65 67 46 26 57 47 37 12
42 28 20 59 66 69 13 76 36 28 75 13 42 9 58 41 27 30 66 72 47 34 61 26 63 15 57 70 42 39 24 67 19 36 35 25 12 71 35 10 54 78 49 32 13 31 9 12 7 46 60 45 26 76 15 49 56 4 61 23 61 78 59 56 46 56 18 23 48 56 7 33 6 26 3 18 19 28 15 80 26 72 63 28 32 80 10 30 14 23 17 59 6 11 49 25 34 36 78 56 72 15 52 14 48 16 43 48 61 57 38 24 34 80 7 61 66 7 30 13 14 64 79 45 63 63 1000000 52 68 18 31 60 50 78 38 74 49 22 21 50 31 8 24 77 37 31 56 50 20 6 44
23 55 73 26 46 48 34 25 34 15 9 77 24 17 24 49 43 46 11 58 2 21 79 74 62 45 73 32 57 22 64 55 47 53 44 25 68 17 40 47 26 17 26 17 28 4 4 71 34 71 57 17 64 11 14 54 2 49 61 60 22 17 38 26 56 58 72 11 6 73 57 79 59 40 71 31 75 38 74 10 51 21 41 4 14 65 11 66 35 35 5 40 69 22 37 45 25 3 8 22 47 27 4 51 43 80 35 55 34 3 4 39 23 64 39 77 79 22 46 40 63 3 79 13 40 16 36 1000000 44 27 8 16 61 49 52 68 75 37 19 63 20 67 14 24 68 23 72 77 4 46 30
35 56 48 67 71 23 27 22 34 75 74 31 14 27 48 62 68 14 29 23 34 80 44 34 55 80 21 48 44 49 12 68 56 6 16 79 52 62 72 7 9 52 67 37 31 29 52 31 3 72 46 22 69 49 26 74 3 28 80 3 12 70 10 55 13 59 16 45 64 75 55 77 60 43 75 60 52 74 24 70 27 69 33 23 15 14 66 70 5 63 72 3 55 37 59 70 30 68 40 64 26 20 54 45 47 7 70 51 31 37 59 23 56 39 23 33 74 39 69 26 60 61 5 12 2 13 24 64 1000000 42 3 75 28 47 17 7 60 27 8 20 17 22 74 13 18 16 39 75 42 17 19
36 75 31 35 36 76 39 26 4 21 40 16 24 66 70 47 38 74 44 53 61 26 71 16 2 29 79 25 80 80 74 44 31 73 17 19 45 29 60 80 77 62 64 26 62 42 14 10 73 16 50 21 58 16 14 33 59 51 28 80 55 9 33 24 21 46 22 16 80 49 14 43 18 42 77 39 67 32 58 38 54 3 65 3 48 62 71 19 51 52 57 9 17 43 10 39 3 52 12 72 76 66 7 53 71 25 20 33 51 38 68 40 54 36 54 63 20 72 47 66 49 37 42 70 67 57 47 33 27 1000000 5 12 52 9 75 71 40 63 59 59 14 21 35 80 49 29 30 21 68 50 6
41 15 55 64 51 14 60 41 8 36 75 13 54 71 39 46 17 5 63 32 43 58 73 49 20 58 56 17 71 68 23 43 75 19 42 56 6 32 54 6 22 51 31 30 67 4 64 47 79 53 27 58 5 64 39 64 75 22 46 33 19 62 2 69 77 23 55 80 42 77 23 16 36 39 77 65 66 33 21 78 41 16 62 76 42 20 48 17 54 76 66 70 6 13 44 57 22 39 45 24 74 14 48 57 69 54 21 36 4 36 5 73 54 80 29 24 72 37 42 4 4 43 55 80 9 4 30 75 58 18 1000000 71 69 6 23 48 72 29 64 31 21 12 46 7 73 12 59 39 35 80 56
78 35 39 26 23 44 34 62 59 33 62 62 32 27 54 38 30 40 45 14 39 60 73 23 13 58 23 62 28 59 5 25 51 79 24 72 48 47 67 66 26 76 70 54 31 30 39 67 3 76 4 2 17 50 42 47 16 34 8 19 76 80 49 35 22 10 52 27 34 40 64 4 67 50 65 22 27 49 16 25 6 7 26 34 15 48 13 44 23 48 14 28 8 65 73 12 18 11 31 10 23 32 48 23 47 72 30 35 72 27 18 9 79 31 13 70 38 72 34 25 76 14 50 55 53 47 75 9 70 79 19 1000000 45 79 42 72 35 39 67 77 40 31 71 22 19 33 57 52 17 72 22
10 45 62 7 44 14 39 52 75 57 16 39 6 28 77 65 76 58 75 32 16 69 18 62 27 71 33 25 67 61 61 4 73 15 54 5 4 8 6 46 55 37 77 77 29 48 72 75 39 57 27 40 5 31 23 24 34 63 29 33 79 21 10 78 34 3 13 20 64 78 23 20 53 5 31 67 12 75 46 53 18 42 54 68 2 7 37 9 4 2 24 74 37 3 76 64 71 3 39 69 6 5 14 55 20 29 68 45 33 13 77 73 37 31 77 14 11 71 53 38 55 49 46 3 53 13 38 55 18 38 53 2 1000000 39 67 64 22 46 48 23 25 39 18 43 6 62 10 50 53 12 64
66 72 24 2 69 4 55 66 22 57 45 65 11 2 60 12 28 74 41 33 8 58 25 25 43 19 42 30 21 38 26 11 68 33 9 43 71 15 43 68 71 35 72 5 76 56 74 37 17 61 58 59 45 44 18 53 17 39 77 18 65 12 75 56 46 5 3 41 12 77 11 17 58 35 49 41 32 43 34 17 16 45 34 54 7 38 37 54 20 34 57 68 71 48 4 47 80 51 41 34 5 32 48 44 13 52 64 29 3 55 34 67 76 66 48 26 78 33 75 72 68 12 14 16 16 79 39 25 51 72 2 29 19 1000000 62 66 51 75 6 30 23 69 24 6 73 75 45 48 3 21 13
75 42 22 22 10 10 77 44 61 2 67 80 39 78 69 51 25 68 44 48 50 70 67 52 59 76 58 11 74 39 63 56 9 56 24 65 69 31 5 73 76 17 14 73 8 32 7 48 15 31 53 60 70 62 22 26 2 13 22 12 79 28 16 50 56 10 77 50 13 34 68 61 27 51 63 36 72 26 76 7 73 56 66 69 76 61 33 53 40 25 39 11 80 44 75 61 54 7 63 15 74 65 33 40 76 40 78 47 68 35 74 47 33 23 55 61 47 45 72 26 53 46 63 37 22 40 62 19 74 11 16 46 65 37 1000000 4 45 58 26 56 69 41 57 13 28 60 54 6 30 75 37
41 77 37 73 72 21 15 40 9 13 47 22 26 14 41 69 68 20 50 55 67 42 59 39 66 39 31 65 36 51 5 43 73 60 41 62 10 41 16 65 8 27 15 25 76 25 7 74 66 36 75 8 18 78 11 60 31 47 53 53 18 64 80 30 12 69 56 62 53 31 49 39 23 56 31 53 46 37 54 73 50 75 77 60 2 74 26 33 68 27 46 18 29 68 58 79 77 41 6 70 80 5 27 63 21 2 31 50 60 46 60 5 11 25 7 23 7 19 35 53 15 49 12 57 31 23 43 4 7 32 37 79 44 53 75 1000000 14 38 40 7 18 80 39 33 8 11 71 49 49 19 20
67 43 62 54 41 24 48 19 66 29 69 80 71 30 37 69 20 16 32 50 38 46 71 75 55 11 8 77 4 62 54 75 36 19 36 49 43 64 28 4 35 40 24 69 78 24 60 70 48 29 56 45 53 27 40 32 78 33 37 53 55 25 16 50 54 47 48 12 80 34 34 20 3 22 67 45 42 22 15 78 79 58 21 61 34 57 75 39 56 28 46 5 28 15 35 24 50 53 66 24 5 63 28 29 12 50 79 30 59 38 37 32 66 71 19 48 74 62 6 29 73 37 54 57 51 37 52 61 66 64 79 64 57 59 44 52 1000000 50 65 31 13 40 46 28 33 58 16 73 78 26 15
47 19 57 30 75 19 35 66 36 8 39 33 67 28 71 9 77 56 59 31 44 76 7 5 18 52 18 61 25 11 80 2 46 19 43 44 28 35 6 42 79 71 69 48 41 28 20 28 60 47 50 65 34 37 30 48 71 55 68 68 48 72 45 24 36 8 21 19 56 58 53 44 36 72 73 64 27 56 26 24 33 53 16 11 47 42 65 25 42 48 75 42 7 26 4 31 16 74 50 43 64 26 22 65 6 75 10 15 79 5 8 12 7 53 36 69 53 78 14 44 21 70 69 28 80 9 70 80 23 68 78 35 70 55 29 18 40 1000000 42 69 30 39 37 15 42 78 45 67 6 31 39
55 57 49 71 6 63 5 12 27 54 21 32 51 40 33 63 43 46 35 40 40 76 25 53 33 39 29 19 54 46 8 48 61 15 18 20 20 29 47 6 2 25 2 9 80 75 11 53 74 46 36 17 71 33 51 29 73 29 38 31 45 17 41 26 69 3 31 10 32 79 23 20 42 28 15 70 31 54 47 21 42 27 26 44 53 31 37 7 31 32 73 42 49 57 2 19 74 52 42 14 8 7 9 61 36 51 73 23 76 76 73 23 78 67 64 75 29 18 70 57 46 40 69 61 72 43 72 52 60 38 15 7 5 80 44 9 47 44 1000000 14 40 58 36 31 44 43 27 9 34 19 72
64 73 15 10 59 35 74 47 66 50 47 36 40 56 45 12 16 32 27 51 24 2 74 4 79 35 55 62 31 50 3 35 50 75 31 54 68 12 9 61 29 76 31 12 24 37 11 74 16 39 10 57 80 18 55 47 7 14 4 20 67 74 32 23 55 62 69 14 34 38 36 53 35 11 56 20 4 66 14 5 33 21 54 5 56 27 68 24 76 58 2 65 67 31 72 34 63 16 80 13 58 28 57 65 10 79 75 36 63 53 34 37 40 47 60 31 31 16 77 12 58 29 26 71 37 16 24 75 6 33 47 54 7 39 3 9 10 36 75 1000000 61 7 33 12 24 55 37 62 47 28 40
53 10 31 65 21 10 11 12 77 48 47 46 30 65 12 32 18 11 31 18 38 61 64 37 44 68 38 55 41 13 26 72 61 26 40 62 55 80 6 58 58 55 19 43 59 62 34 78 26 13 18 8 56 37 75 32 55 28 28 31 62 50 79 75 34 2 7 26 29 15 36 75 19 36 68 35 19 75 24 78 43 44 23 49 64 80 37 76 80 49 38 39 71 69 17 44 77 8 23 37 70 68 3 80 37 52 4 20 8 17 32 41 17 33 26 22 38 52 80 77 41 73 53 24 46 19 46 80 20 40 65 64 17 17 26 53 24 21 12 69 1000000 32 62 80 78 30 33 72 34 71 74
18 45 73 34 13 44 62 5 21 54 58 49 52 7 47 24 41 56 65 22 38 72 36 48 60 67 21 45 34 14 27 51 20 54 69 47 27 27 61 70 41 66 25 69 3 58 80 41 49 19 80 31 40 29 14 31 45 15 76 40 23 65 53 18 11 17 58 33 14 23 68 4 80 38 11 74 15 13 64 23 48 40 27 20 18 41 32 29 17 23 18 2 38 72 41 25 5 20 16 32 31 67 47 40 45 71 64 77 40 71 68 10 3 28 64 49 19 73 63 57 35 25 25 8 72 20 10 70 6 29 43 41 75 28 24 26 64 30 36 52 16 1000000 74 48 69 52 49 20 5 80 23
27 20 69 18 18 73 42 18 27 38 9 23 45 43 61 7 36 51 54 59 68 56 51 41 55 79 3 27 76 56 31 10 67 80 12 9 6 50 32 19 47 38 32 39 2 57 51 51 36 78 54 55 60 50 10 66 73 58 24 26 62 36 17 56 3 17 66 59 60 59 49 74 20 40 69 36 51 62 4 51 58 66 69 29 4 56 6 64 65 49 77 4 65 32 66 14 78 48 71 72 32 17 56 48 11 48 45 57 53 60 34 4 16 72 56 76 66 14 2 44 80 47 36 20 74 79 44 16 23 62 39 45 46 27 24 40 11 3 64 29 75 40 1000000 65 48 73 15 62 75 24 2
51 2 65 70 39 10 7 37 20 55 21 2 56 33 41 43 9 67 29 24 66 24 7 29 11 47 51 21 59 38 4 41 46 18 74 49 26 51 12 56 16 50 79 17 72 25 19 20 66 57 24 49 57 51 47 28 64 25 30 3 24 37 68 19 32 45 48 71 79 34 39 20 21 76 69 69 10 30 32 17 28 11 36 36 6 62 37 70 65 57 30 55 76 80 10 17 22 75 38 7 46 29 47 18 49 77 10 40 72 22 63 52 16 66 71 78 36 74 51 29 28 79 70 34 54 24 22 4 72 20 19 16 12 3 26 31 32 59 42 15 48 26 19 1000000 58 54 28 7 60 45 64
8 53 55 75 18 25 8 22 59 20 65 57 72 14 58 59 64 37 79 41 15 63 73 71 20 52 70 10 13 38 47 71 46 46 2 25 78 74 10 37 18 68 18 55 62 34 29 41 27 59 40 21 15 4 65 32 16 14 19 37 68 4 23 35 21 8 52 3 5 4 51 63 67 66 44 75 41 38 47 68 21 15 23 60 42 17 38 54 62 71 72 47 70 47 57 62 18 78 13 78 51 18 48 40 37 48 26 24 80 25 75 64 8 17 50 60 41 80 80 15 26 15 34 19 61 18 60 65 15 45 47 4 53 73 22 76 69 24 75 18 33 57 35 79 1000000 34 22 31 31 6 71
50 40 37 42 26 68 50 66 77 13 57 37 31 6 51 50 57 17 66 28 58 5 60 5 4 11 78 18 13 36 20 70 40 14 66 72 52 8 75 18 42 75 50 53 19 40 29 57 38 18 51 32 9 76 36 29 31 62 63 22 77 80 30 73 63 34 78 80 29 31 78 31 59 60 56 23 38 45 66 67 62 17 75 76 15 20 40 56 17 35 58 80 67 38 44 15 45 12 74 70 49 18 48 45 51 51 63 7 13 33 70 64 15 67 72 20 62 3 6 63 13 38 31 52 60 49 11 66 29 16 67 5 41 62 45 2 39 39 49 38 33 51 73 73 64 1000000 58 3 40 78 37
65 49 66 22 80 65 63 36 7 13 56 55 25 49 56 37 36 36 69 3 9 4 34 12 23 25 25 47 43 43 69 66 54 44 74 32 78 41 16 14 31 2 40 18 55 47 15 9 52 22 36 9 25 77 53 41 32 43 10 72 29 6 6 4 14 52 58 69 65 65 60 7 59 61 56 76 29 69 51 52 50 37 8 34 74 13 43 67 4 36 57 18 28 76 36 60 56 76 55 39 67 67 65 48 71 74 29 45 13 5 64 17 21 8 68 64 40 34 22 19 41 9 74 74 43 50 34 72 23 73 15 25 12 67 73 52 43 65 20 63 31 7 38 9 5 66 1000000 46 16 31 10
68 72 56 51 50 45 30 4 54 43 23 28 64 48 58 51 30 80 32 28 61 74 11 29 16 72 29 45 14 63 4 46 4 18 30 51 11 29 51 36 28 53 40 36 69 26 29 29 44 59 55 15 25 16 15 5 66 7 48 13 67 57 27 80 52 13 22 80 50 62 24 35 14 70 12 22 10 11 9 3 61 71 51 34 73 55 60 35 6 17 60 54 3 42 34 20 60 49 76 40 16 37 36 42 65 3 62 28 21 51 9 56 40 30 8 26 48 59 20 42 34 62 56 48 36 63 76 12 79 9 5 56 76 14 50 72 46 23 32 23 20 10 48 76 20 33 46 1000000 62 63 29
18 54 48 75 28 16 37 59 45 22 14 39 61 22 75 33 66 65 67 50 15 60 24 59 5 61 12 19 22 17 73 20 15 51 12 44 69 70 16 49 53 54 56 21 27 46 60 22 28 62 73 10 57 72 2 31 46 53 53 32 57 37 64 49 25 5 73 44 47 39 35 49 38 12 28 8 60 31 78 3 6 14 56 17 34 44 42 42 70 49 77 3 48 41 31 24 18 2 68 56 71 57 68 80 67 18 19 63 12 18 12 5 20 12 2 68 54 76 69 53 60 66 73 7 77 19 10 30 29 51 38 67 29 21 51 53 80 50 24 45 29 42 41 59 58 36 80 45 1000000 26 65
49 28 23 45 5 4 64 14 65 32 52 14 49 54 59 10 56 69 5 54 14 49 59 20 69 32 12 69 25 46 78 26 6 76 21 61 7 59 24 63 15 41 17 21 22 77 46 63 68 80 62 78 53 64 61 70 18 32 19 45 8 78 22 57 49 24 46 40 20 10 73 70 77 45 60 62 35 17 58 47 72 67 70 71 78 80 51 41 4 71 55 78 56 63 28 78 48 14 5 24 17 31 62 55 23 66 72 3 8 76 27 61 26 6 76 73 5 20 6 10 7 33 45 20 44 58 8 35 79 38 20 27 33 25 79 68 29 8 63 46 51 34 42 12 55 71 30 18 61 1000000 80
13 11 63 48 35 53 66 62 25 53 61 19 52 60 31 39 17 46 72 23 67 52 45 33 41 68 20 6 3 67 45 23 18 13 46 6 39 3 56 46 72 72 8 2 73 43 9 2 34 9 15 72 18 27 62 27 55 54 5 70 61 66 15 33 54 36 45 26 66 27 39 34 76 35 72 59 69 69 48 40 24 70 15 74 73 74 16 57 43 36 56 78 62 54 42 5 48 64 38 49 79 52 45 60 69 23 42 12 48 21 44 78 16 59 35 28 39 15 70 11 39 50 4 56 77 65 25 9 38 56 30 64 77 51 7 30 41 8 29 61 6 7 71 61 27 47 37 75 34 16 1000000
