150 45 124 180 13
3 3 4 2 3 4 3 4 4 4 5 2 4 3 4 3 1 3 2 3 6 1 6 3 2 4 3 3 3 2 3 3 3 2 6 6 5 3 3 3 5 2 4 1 4 
3 3 3 2 3 4 3 3 1 4 3 2 4 3 4 3 1 1 2 3 6 1 4 3 1 2 3 3 1 1 2 3 3 2 6 4 4 2 3 3 3 2 3 1 3 
30 29 29 29 28 28 27 26 25 25 25 25 25 24 24 23 22 22 22 21 21 21 19 19 18 18 17 17 16 16 14 13 13 12 11 11 10 9 9 8 7 7 6 6 5 
1000000 63 10 32 74 62 4 56 46 38 43 18 30 37 43 22 5 34 78 3 52 67 57 47 9 38 46 65 38 68 16 21 63 7 27 14 60 72 4 30 80 48 44 76 65 18 37 49 75 23 8 46 47 37 66 21 21 30 33 20 5 78 30 39 33 41 65 10 15 48 71 54 76 10 79 80 79 36 9 70 34 79 12 19 55 8 26 78 70 68 64 15 69 35 3 62 40 34 29 68 75 55 76 62 55 76 22 70 29 14 17 67 37 45 51 40 67 55 60 21 6 75 24 67 48 65 27 3 59 8 47 42 72 77 19 6 62 16 57 30 66 62 51 22 71 65 36 13 7 59 58
55 1000000 37 39 21 20 50 14 72 29 76 2 5 70 18 65 43 41 5 69 62 22 24 64 15 14 69 40 76 56 55 41 26 11 78 74 28 34 65 4 22 23 11 66 64 37 65 27 26 76 38 5 53 32 18 24 14 66 19 7 46 27 36 14 52 5 51 42 15 44 58 53 76 11 43 13 45 43 41 42 60 34 7 49 78 13 55 78 79 54 69 44 65 79 41 25 78 33 71 56 29 23 59 51 26 37 43 19 25 18 9 15 66 10 68 46 28 74 57 29 72 64 54 35 6 44 31 35 74 30 71 11 66 51 66 34 15 26 68 47 12 22 24 51 15 77 72 54 60 20 2
24 9 1000000 56 30 62 13 36 48 7 15 31 15 28 42 34 19 63 7 10 18 18 52 9 79 75 22 64 60 19 62 41 29 58 79 10 24 31 57 8 72 37 21 29 30 34 33 54 12 22 19 35 25 74 49 70 26 38 72 60 40 80 40 42 67 52 12 44 79 51 31 21 17 72 77 64 67 74 43 79 16 22 25 33 78 12 30 46 25 70 12 78 46 34 44 45 7 25 11 60 2 5 34 77 45 12 22 7 54 75 63 24 74 31 8 64 28 49 30 55 35 3 33 21 66 21 12 2 74 40 26 75 34 35 44 49 51 42 80 37 36 68 80 57 43 51 7 22 11 7 12
41 25 32 1000000 35 10 2 52 11 79 26 21 75 39 77 43 37 43 40 33 9 35 72 8 11 36 76 14 31 69 36 78 12 25 44 64 44 36 37 53 59 14 55 66 61 24 16 75 47 4 34 10 21 58 29 37 33 6 60 36 26 15 55 66 42 67 58 25 53 64 17 37 75 56 25 61 52 78 51 42 30 18 36 59 16 62 18 65 4 76 42 68 6 47 20 25 19 3 14 72 49 36 25 41 3 7 22 46 59 36 6 8 14 65 36 9 53 27 49 35 9 61 22 22 31 58 25 43 10 59 45 24 52 42 31 60 27 12 71 7 30 16 65 59 31 19 72 40 67 66 74
24 80 25 79 1000000 32 40 41 6 47 70 31 19 3 19 18 77 9 39 73 47 56 67 48 52 49 30 61 48 41 20 8 49 65 74 25 3 27 69 65 14 71 22 50 59 43 10 13 10 75 72 38 62 22 14 38 80 9 68 80 18 80 17 2 34 16 44 13 21 47 80 26 53 55 15 16 13 9 25 18 56 39 62 22 54 24 39 28 55 25 9 54 43 23 56 7 62 17 13 26 48 79 50 56 5 79 23 22 60 53 16 11 76 39 35 77 39 46 24 56 40 77 6 39 46 47 31 78 12 48 57 68 47 26 21 12 29 17 63 62 20 63 31 42 20 76 70 68 58 41 9
52 66 59 52 39 1000000 11 26 24 66 52 61 20 18 67 76 77 7 23 74 7 65 17 48 12 32 48 18 12 64 79 55 8 70 48 25 18 50 74 11 68 55 36 15 46 11 21 52 65 41 24 40 14 52 6 64 55 30 50 36 73 18 6 51 37 19 40 44 77 55 68 60 46 66 60 75 47 24 44 20 54 11 26 37 6 75 23 36 18 54 28 70 24 78 55 43 14 29 36 17 78 34 66 29 26 3 6 27 55 37 25 35 74 21 56 46 27 46 51 36 66 44 50 30 52 33 18 61 39 66 72 27 45 30 35 30 45 60 78 44 76 80 51 7 35 44 59 69 10 55 39
73 63 78 46 46 22 1000000 76 78 75 58 40 80 16 5 45 36 52 69 32 62 30 32 51 71 34 65 51 29 71 15 56 32 34 5 39 53 54 44 14 69 50 71 43 69 44 75 61 45 61 27 25 3 73 62 52 37 40 10 14 28 76 35 35 47 72 8 40 4 8 69 49 53 26 63 25 22 49 69 11 40 17 22 59 5 51 61 57 48 3 49 16 50 27 74 39 37 59 59 8 64 3 38 79 20 61 41 30 41 24 9 5 55 54 24 61 71 19 6 79 63 74 2 43 10 45 72 27 9 74 78 47 39 13 67 32 32 76 3 42 6 38 12 37 42 13 79 7 77 16 54
59 68 29 19 63 29 39 1000000 68 28 56 61 70 75 19 63 17 75 53 51 69 79 69 52 14 27 37 14 34 20 32 33 34 40 68 79 20 68 65 69 55 78 5 74 31 59 31 19 26 40 57 61 34 60 21 38 76 50 7 45 78 19 18 10 53 3 14 49 74 53 58 24 75 28 24 63 5 58 35 32 46 14 4 4 28 30 12 7 3 27 34 4 38 15 56 21 68 58 20 76 26 40 45 22 6 20 43 53 69 45 27 20 66 78 23 3 50 55 29 26 22 29 52 26 73 60 80 43 52 8 77 37 35 72 17 15 65 76 60 23 7 29 29 28 37 43 41 30 7 55 63
23 76 28 3 35 77 26 16 1000000 46 14 51 60 76 41 30 48 43 15 73 59 64 42 11 23 67 33 61 45 47 25 42 50 18 17 30 71 57 23 43 56 7 63 65 79 22 78 45 74 67 10 5 24 58 70 46 64 24 69 77 32 79 26 80 29 43 35 35 49 69 8 2 58 31 9 2 30 31 77 17 61 79 2 33 64 64 9 7 57 18 14 72 62 14 19 19 45 76 63 27 80 59 79 25 12 18 35 39 74 80 46 72 11 22 28 27 77 32 37 5 53 3 52 30 12 60 48 13 70 63 52 58 35 3 44 29 32 64 47 38 4 41 39 61 19 15 6 13 28 65 24
5 68 75 52 25 25 53 74 66 1000000 30 29 76 40 69 5 36 41 48 33 12 10 55 49 61 11 9 70 58 71 45 52 21 25 28 54 63 80 14 21 19 9 23 6 20 42 66 66 33 39 30 50 19 70 20 18 6 63 36 61 47 11 19 62 62 71 14 23 64 26 56 72 76 24 17 33 12 34 59 49 6 53 57 36 64 54 9 21 43 66 17 45 39 42 59 78 20 30 46 49 67 39 61 37 4 12 67 64 49 12 55 28 41 41 32 73 24 45 10 63 43 17 40 80 26 23 60 9 46 50 54 33 80 13 47 60 27 69 37 79 36 61 6 22 49 37 47 58 38 49 25
37 77 9 57 79 5 4 78 6 3 1000000 51 80 26 9 18 37 42 50 62 64 31 71 74 15 76 79 44 31 3 75 71 17 31 22 63 18 62 11 2 32 57 52 42 3 29 47 66 7 20 40 75 24 2 14 55 46 71 9 34 22 7 44 66 35 30 76 70 76 42 15 45 38 17 26 57 5 29 34 56 76 46 6 13 16 57 69 8 65 76 22 31 6 17 18 55 18 27 20 42 6 57 39 15 61 42 52 44 54 52 48 33 22 33 65 11 36 56 12 5 42 55 77 43 3 14 59 79 33 24 41 72 15 50 47 63 32 32 35 62 10 18 17 70 2 33 18 38 2 37 66
75 43 68 56 69 55 80 60 23 78 33 1000000 16 49 79 9 7 57 65 15 59 40 55 73 38 55 75 62 41 7 4 25 60 47 75 32 45 35 3 37 65 54 33 53 20 18 20 16 70 58 44 76 23 50 6 55 41 43 71 61 38 6 77 68 34 58 65 2 78 11 68 32 52 34 24 13 74 15 72 22 77 57 11 78 21 52 64 17 24 5 17 27 22 73 49 18 51 73 38 41 37 16 36 68 14 4 11 8 19 50 69 63 72 60 52 77 24 52 35 29 71 2 32 59 73 14 32 66 79 58 13 69 31 4 37 40 71 5 77 21 6 79 50 40 79 47 11 3 21 22 61
21 73 61 49 37 51 32 71 22 33 58 53 1000000 31 72 80 12 4 68 32 77 77 69 51 17 24 20 8 31 28 14 37 12 65 78 8 11 58 38 59 74 72 20 5 6 49 2 51 24 65 72 47 36 26 49 47 20 48 61 57 47 22 53 36 56 33 63 67 70 50 10 14 45 10 32 3 74 30 45 68 50 75 58 57 75 75 48 79 63 79 34 52 14 9 36 65 24 78 38 28 21 74 50 24 24 17 63 33 48 18 43 29 79 61 2 79 15 52 17 34 9 67 5 14 23 28 18 25 6 30 8 74 74 13 56 30 24 62 22 22 3 39 54 57 54 21 4 69 71 2 8
60 35 16 15 72 13 62 18 22 56 78 12 60 1000000 67 78 23 43 61 5 20 31 16 77 39 25 26 37 7 24 35 71 24 35 64 27 30 25 11 25 60 44 72 14 31 79 77 34 57 2 67 8 78 35 68 45 21 33 78 41 37 80 21 26 3 17 77 5 51 31 41 15 14 68 48 66 7 35 44 42 4 68 25 10 71 62 22 17 43 36 45 27 67 64 3 59 14 37 64 27 15 67 55 71 39 24 15 47 17 66 16 25 21 45 65 63 23 54 39 32 4 56 38 20 27 12 72 42 8 15 23 69 7 19 32 30 50 49 44 8 54 42 76 79 49 68 29 41 53 73 28
47 25 55 18 44 70 60 4 26 23 13 72 46 40 1000000 24 26 16 64 4 67 15 41 76 21 80 63 68 58 54 3 3 78 9 73 32 33 43 69 66 32 54 26 52 74 49 7 24 16 32 77 79 44 4 62 7 29 11 66 64 43 60 20 19 15 36 72 31 31 52 73 75 18 41 12 56 52 46 6 19 29 35 21 69 26 80 13 11 8 8 28 17 26 28 20 80 7 79 75 34 13 70 37 26 44 54 23 38 21 11 73 55 32 4 36 65 24 19 67 63 16 66 14 8 79 67 44 43 80 40 14 18 2 69 47 52 63 22 58 32 50 24 31 80 26 38 74 47 32 67 2
11 50 47 49 52 29 18 77 26 65 28 78 12 34 8 1000000 54 20 58 14 57 57 22 46 48 39 42 53 67 60 36 76 27 13 71 24 66 77 34 22 4 50 13 40 74 66 64 41 51 53 12 48 44 53 40 44 71 11 7 37 20 59 66 56 7 29 59 24 52 45 59 41 9 44 24 75 35 77 17 11 31 2 58 34 27 29 29 29 26 54 6 35 72 58 40 41 33 22 8 23 37 50 73 62 39 45 45 37 28 6 21 43 76 14 56 23 49 4 58 23 4 51 76 16 46 23 46 80 67 11 74 39 43 17 70 12 54 71 66 15 64 24 19 71 48 13 22 48 68 30 10
73 24 54 57 41 58 47 14 38 45 31 25 41 17 37 9 1000000 39 50 76 26 70 26 71 44 48 17 75 68 46 29 74 69 80 29 38 20 52 48 26 25 34 5 33 44 78 20 15 21 38 5 36 70 30 45 47 22 70 46 16 76 47 9 47 32 71 55 78 6 14 29 74 59 61 39 65 13 2 26 13 8 58 51 52 43 70 18 42 19 6 7 58 19 78 31 9 78 39 60 59 21 30 40 16 68 61 42 29 9 33 48 66 60 9 15 15 24 39 38 32 53 37 71 53 29 76 41 63 30 61 10 42 73 12 78 27 24 22 27 3 49 52 40 24 61 17 12 26 53 43 15
23 37 31 28 55 79 53 40 51 26 61 16 80 46 65 32 48 1000000 2 59 11 77 72 36 36 14 8 71 53 46 40 49 14 80 13 45 6 29 38 35 78 8 35 6 2 13 16 21 14 54 7 68 40 63 9 48 35 56 47 64 23 18 5 20 46 25 62 40 3 77 38 75 52 14 45 60 11 28 8 7 19 4 58 66 80 23 10 21 72 5 40 37 17 48 18 7 75 30 57 7 78 78 77 38 58 61 16 64 50 13 57 45 5 2 63 57 69 58 39 76 48 80 37 67 61 66 22 51 30 15 19 53 3 50 52 23 16 13 16 31 14 29 40 51 7 80 45 43 73 12 42
51 47 27 19 20 69 76 74 57 50 44 20 21 61 48 70 47 36 1000000 67 5 27 80 68 2 25 54 52 12 63 51 8 8 3 77 80 47 20 46 58 21 76 35 64 17 66 48 16 42 23 33 18 53 7 41 17 48 30 32 71 60 70 19 67 5 67 7 8 29 35 31 29 72 18 4 11 6 28 49 4 29 59 63 21 51 48 41 38 80 47 4 25 32 78 12 49 56 15 38 19 19 22 27 75 2 36 11 7 25 60 38 36 52 49 10 19 27 9 23 26 20 7 27 77 47 76 68 42 26 11 14 3 18 16 70 14 17 56 63 26 70 69 17 20 73 38 43 77 31 20 57
7 62 32 17 63 36 69 35 46 57 42 20 80 80 55 23 8 72 16 1000000 70 65 47 61 41 9 4 33 24 17 54 57 5 12 75 5 13 73 18 21 43 68 37 41 52 40 70 80 43 46 18 43 44 16 45 38 8 63 74 68 42 36 64 20 18 72 4 80 25 9 46 71 45 5 27 43 10 45 58 80 71 46 70 65 65 42 39 27 12 75 63 34 13 36 66 11 5 50 61 26 47 52 21 35 60 10 32 17 68 4 79 22 78 78 37 18 62 42 3 31 56 78 59 60 11 76 73 29 14 20 46 48 61 65 55 42 12 58 77 16 53 32 21 6 11 76 45 16 34 76 29
30 49 51 15 10 69 39 73 25 69 73 76 32 72 27 68 80 9 32 2 1000000 78 15 38 67 25 17 10 12 26 33 36 62 52 39 20 7 49 36 47 54 56 40 36 56 11 57 72 66 33 37 15 22 26 3 74 79 35 34 51 73 41 5 79 70 34 58 38 35 31 76 13 35 10 29 78 56 12 59 46 4 19 4 8 36 56 54 55 69 7 31 61 71 11 17 77 80 51 37 70 13 70 76 28 5 49 39 74 60 80 20 77 46 55 29 18 54 75 16 79 37 49 31 47 27 71 26 28 54 58 78 62 34 31 77 70 47 51 6 26 6 66 28 51 5 68 65 35 13 25 37
71 73 16 73 76 63 67 28 43 26 51 73 21 43 73 61 8 19 60 50 59 1000000 27 6 69 30 13 64 42 77 21 46 37 25 73 58 32 27 55 62 61 30 3 62 29 51 31 23 12 6 58 55 42 68 11 64 43 12 71 10 24 54 68 17 17 62 32 72 8 40 17 61 28 21 65 43 2 57 61 74 65 27 16 27 80 77 43 48 24 66 46 76 79 40 41 19 76 64 6 4 74 48 32 60 35 76 49 43 7 53 53 35 10 17 7 2 66 9 23 52 24 8 63 65 57 33 44 53 77 62 47 9 23 3 56 48 29 4 9 55 4 79 75 31 35 9 79 64 57 14 9
66 58 37 78 6 63 30 44 30 48 27 53 50 20 77 50 15 54 75 16 75 14 1000000 21 6 24 62 80 68 64 47 13 36 48 55 8 49 5 40 49 5 45 22 58 52 56 11 68 27 34 71 58 23 8 60 43 21 23 52 13 43 62 18 32 42 3 62 16 30 24 32 16 75 32 77 29 6 41 73 79 18 51 53 46 72 77 65 62 49 3 7 78 61 3 64 57 5 22 62 14 35 79 18 23 18 49 44 49 73 42 66 10 76 65 70 80 48 68 59 7 70 42 60 60 32 70 5 30 31 62 69 47 29 19 68 58 77 79 72 35 44 17 22 13 51 31 57 23 63 21 15
48 18 4 10 75 75 44 59 19 22 61 45 8 46 57 28 80 79 77 23 19 79 41 1000000 19 38 10 58 26 39 53 53 67 59 67 39 38 72 73 50 5 80 7 68 46 50 63 5 79 79 17 35 7 48 32 26 26 64 75 79 64 34 25 46 74 74 47 36 73 30 63 15 63 11 62 5 43 42 48 60 28 58 25 5 63 7 79 49 12 23 71 11 37 56 52 70 34 8 54 80 71 42 41 59 75 58 19 49 32 43 79 4 28 11 73 42 28 47 55 49 2 76 73 59 2 39 49 36 79 65 11 30 73 46 70 66 67 20 14 58 11 8 79 31 47 38 19 79 78 2 59
10 78 67 45 31 54 38 2 3 19 48 43 63 21 44 74 3 26 42 23 58 71 10 29 1000000 8 61 10 35 54 16 24 59 66 79 43 46 59 31 58 70 72 31 46 7 74 36 57 6 22 7 10 32 54 72 51 31 11 9 29 5 21 68 4 24 39 40 54 56 70 49 10 40 57 26 12 67 60 43 38 62 38 35 57 35 26 63 10 14 63 60 55 2 50 72 32 44 3 39 66 54 19 21 14 72 5 34 42 40 80 4 65 28 69 24 64 11 63 7 42 25 11 28 79 51 2 44 64 52 67 57 47 34 52 67 54 16 47 4 3 17 28 45 68 10 7 70 17 7 53 22
9 66 58 70 68 67 3 27 69 12 7 67 29 33 78 27 3 44 28 33 52 45 44 47 13 1000000 43 25 43 7 53 61 61 7 39 79 52 6 28 21 30 30 12 31 75 34 4 68 17 17 69 11 42 60 18 75 35 44 40 70 38 35 21 10 26 74 23 37 30 45 29 24 25 6 34 48 22 23 34 36 24 73 39 5 50 23 32 67 69 24 60 41 78 71 24 70 59 38 6 46 61 9 56 75 44 57 38 4 46 7 16 72 45 2 40 18 17 74 23 51 74 10 48 18 23 33 36 70 73 6 17 11 59 63 57 25 41 32 41 54 76 65 25 41 47 14 7 39 28 9 40
2 57 59 78 7 3 71 33 24 46 61 45 23 51 22 59 12 7 61 33 22 71 21 67 30 75 1000000 30 45 75 58 21 53 4 56 36 34 13 78 2 20 2 54 48 52 35 55 52 25 51 53 76 24 57 50 53 63 32 73 70 23 64 5 21 34 41 22 28 27 27 68 20 61 32 8 38 46 80 16 37 25 18 14 79 53 59 80 8 15 25 58 63 61 52 42 23 33 9 66 19 16 48 69 23 80 7 16 79 30 44 52 13 9 48 33 15 58 47 69 72 77 2 19 24 63 23 39 2 23 21 10 36 50 69 75 34 65 38 79 67 50 62 26 47 22 19 6 27 3 65 35
59 32 23 57 8 12 28 78 27 17 68 61 48 78 62 71 47 39 12 30 62 41 69 74 57 48 79 1000000 76 45 54 32 11 35 78 6 6 8 59 32 45 57 23 47 23 21 73 39 51 11 40 38 44 13 8 9 56 35 67 16 42 19 48 4 5 44 79 30 16 47 29 49 24 27 67 80 14 33 42 12 80 52 69 21 2 38 42 11 5 10 25 75 46 61 51 3 24 76 33 59 49 14 60 52 57 62 71 68 30 75 24 33 52 38 10 42 75 2 41 48 11 66 41 73 22 2 9 11 2 35 29 59 21 23 51 3 71 60 35 16 68 49 8 16 73 3 34 51 30 20 35
17 47 4 20 37 3 27 59 49 53 72 59 59 50 46 34 70 26 77 58 54 66 46 37 40 49 33 72 1000000 49 21 40 52 49 52 34 19 11 44 71 64 38 70 53 32 79 53 52 8 6 32 53 39 42 39 39 29 55 45 34 52 55 39 47 68 53 58 41 40 78 27 34 65 75 13 61 19 25 19 69 37 57 22 47 57 53 44 80 44 21 5 67 77 79 6 41 36 41 35 34 65 4 27 6 76 6 39 26 74 60 27 53 15 34 53 66 38 25 50 45 31 72 59 73 13 48 44 56 76 28 27 26 45 36 68 48 27 14 53 63 29 78 69 56 54 73 28 46 6 10 55
50 14 59 37 22 51 26 12 19 70 63 64 60 30 53 3 13 72 23 18 70 6 36 21 75 75 72 28 64 1000000 14 44 38 37 56 47 65 43 31 44 60 52 79 54 35 79 48 24 15 23 64 56 11 18 9 25 50 27 18 66 3 57 6 36 38 80 26 72 42 31 54 67 51 11 65 56 11 17 78 71 66 56 76 55 75 19 19 14 54 31 51 41 66 39 58 18 55 19 45 20 15 62 8 57 17 35 40 61 40 30 60 24 58 42 20 19 10 72 68 46 14 17 79 5 37 78 2 6 45 19 47 8 4 2 15 65 65 64 52 21 19 68 75 64 65 29 40 37 59 70 31
68 5 75 11 68 24 63 50 65 67 68 14 46 43 45 80 57 20 45 14 11 43 7 38 64 58 75 28 73 15 1000000 37 42 22 70 23 4 38 57 27 4 21 5 45 30 50 60 48 57 73 19 58 29 24 17 8 74 74 37 53 60 58 67 2 20 75 56 52 71 36 78 12 46 79 61 12 62 16 25 6 77 44 22 77 72 19 5 8 73 16 32 26 56 29 58 57 2 14 29 17 8 14 75 9 50 54 68 3 27 40 70 63 12 51 42 24 55 69 64 29 73 33 73 79 3 24 11 39 48 37 21 55 52 25 36 36 7 69 47 8 67 15 44 30 2 16 17 18 33 38 80
77 80 38 34 58 45 49 31 12 34 42 41 44 2 8 70 78 43 30 61 61 39 39 15 42 61 7 42 28 5 3 1000000 47 47 47 43 36 48 18 36 79 21 23 16 43 49 11 53 67 21 58 41 11 24 42 44 53 34 62 7 17 50 45 58 18 58 33 8 56 37 48 3 42 36 56 50 45 21 56 73 70 65 80 4 25 50 3 62 69 56 59 31 29 60 57 60 29 42 43 31 13 51 38 33 20 55 28 78 23 48 13 68 80 7 56 3 31 63 53 68 4 36 29 12 42 23 55 7 41 19 53 24 29 79 41 73 33 78 66 71 51 16 56 39 66 11 25 63 70 11 3
61 37 40 9 8 74 38 3 36 4 53 55 16 18 27 37 63 16 77 22 20 64 17 65 74 80 13 77 46 79 32 75 1000000 70 18 47 71 57 46 71 36 54 28 51 46 42 20 48 59 11 42 24 71 37 5 56 22 20 52 31 12 61 32 51 69 61 45 6 59 80 30 51 80 32 35 57 46 35 67 2 58 23 75 32 38 16 74 28 46 70 41 17 56 2 51 25 17 44 74 9 70 40 51 76 59 45 4 54 16 77 16 38 51 31 80 41 57 40 23 41 65 64 65 52 73 21 8 42 42 57 65 7 73 71 77 45 44 71 2 14 35 21 12 52 36 24 57 36 57 60 32
28 25 5 15 8 78 63 3 65 16 38 11 26 62 3 80 56 39 65 32 53 18 71 70 26 65 24 78 16 11 37 38 29 1000000 40 5 53 72 41 40 56 46 51 52 23 65 33 53 42 50 19 17 63 57 43 60 12 61 5 57 61 43 74 66 73 9 76 13 17 80 2 65 43 19 26 20 63 80 34 37 4 13 60 55 19 63 9 13 16 12 5 68 57 42 12 3 29 17 15 57 38 78 34 22 62 23 57 68 48 32 26 56 13 11 25 78 41 17 53 34 25 30 59 21 73 14 3 55 7 3 47 75 49 32 32 47 63 79 20 20 37 39 35 39 28 52 18 22 46 9 12
34 46 69 26 61 70 72 39 13 52 18 45 55 77 32 66 46 51 10 75 3 15 77 56 68 19 62 34 53 61 22 32 43 43 1000000 18 46 13 62 9 64 67 66 76 18 80 40 23 24 65 25 55 35 30 52 16 49 35 62 38 61 17 10 53 74 28 34 59 68 60 77 36 50 10 27 40 55 9 53 25 29 15 52 36 4 10 6 41 79 66 35 52 61 47 43 3 58 26 32 15 80 25 11 6 20 77 28 78 14 74 15 80 38 32 60 58 73 80 74 48 36 36 47 48 5 54 46 42 2 72 5 79 23 15 40 36 28 40 27 77 32 9 20 20 55 16 25 60 47 34 50
45 41 78 69 28 46 70 53 33 30 60 10 70 77 19 11 75 65 33 68 2 74 19 34 2 70 46 4 13 73 15 4 20 65 42 1000000 79 50 26 77 48 56 36 7 64 44 44 60 63 42 6 40 52 60 43 34 43 35 72 14 24 50 54 56 68 30 29 47 78 71 33 27 55 5 27 38 65 29 68 67 27 44 44 54 2 3 62 49 76 16 55 52 45 78 62 3 24 24 19 50 72 78 8 49 43 39 16 14 74 14 36 3 68 57 53 17 13 40 48 16 48 58 52 28 66 54 22 53 20 52 39 34 35 7 53 33 9 50 24 51 50 30 14 29 4 37 64 27 16 77 21
66 42 7 75 35 7 15 41 5 23 28 43 31 27 43 13 31 77 2 36 18 23 51 11 73 51 54 7 32 28 25 70 49 53 52 11 1000000 37 10 4 71 53 49 34 6 57 15 63 41 3 34 67 10 67 57 39 58 48 12 20 13 39 5 46 40 51 80 59 4 36 7 58 34 16 14 77 73 79 76 28 66 51 57 51 71 6 4 19 65 22 59 19 47 15 54 26 40 22 29 49 45 54 60 67 5 22 62 78 73 23 41 24 58 50 21 37 32 3 3 53 37 27 46 62 54 21 58 71 32 75 64 14 4 80 50 25 5 19 76 29 7 71 31 9 59 56 7 65 50 2 68
30 22 26 46 10 65 35 49 8 73 25 2 43 66 70 68 8 16 78 10 43 4 9 56 44 32 48 52 2 27 59 46 20 48 58 59 47 1000000 63 21 44 76 80 47 69 58 24 60 63 69 31 3 8 56 4 18 65 30 46 58 2 22 46 45 46 42 63 61 73 30 3 5 72 73 63 53 11 13 26 36 26 41 10 48 46 49 51 19 45 19 12 77 41 26 34 21 31 39 32 8 15 31 52 2 75 61 77 74 16 30 80 11 68 4 71 26 67 50 73 27 55 18 52 28 62 73 59 75 6 10 20 72 70 50 39 30 77 69 48 64 37 56 45 37 6 56 70 29 26 14 66
77 52 23 19 6 56 20 9 35 74 17 45 44 32 12 2 29 18 42 61 41 39 24 7 22 53 76 70 51 19 27 14 51 77 77 45 14 20 1000000 18 47 27 73 41 78 74 72 48 22 4 49 58 33 18 13 78 71 54 31 23 70 38 53 13 60 14 33 23 46 43 12 41 53 61 29 62 31 8 45 21 13 15 78 2 31 22 66 45 10 19 28 9 36 38 79 62 53 5 73 28 15 56 65 73 30 27 34 56 23 8 37 65 7 55 25 58 54 5 3 73 6 77 26 12 44 34 41 51 36 42 70 47 44 65 58 47 47 62 68 74 14 62 61 32 2 79 12 48 63 56 43
52 45 13 7 48 8 34 18 27 36 45 46 19 12 67 5 41 67 28 49 69 8 51 79 10 51 18 59 72 21 20 32 19 17 32 29 41 66 6 1000000 74 13 5 62 35 17 77 24 6 59 49 8 10 50 25 28 73 66 63 73 63 42 55 14 54 52 74 8 43 43 42 71 54 24 76 38 40 3 80 64 41 43 23 45 4 24 9 4 6 54 19 8 59 4 60 8 19 54 32 19 68 50 57 42 61 65 24 36 8 68 69 10 26 52 24 33 27 19 44 45 55 55 51 19 54 4 19 18 21 17 33 73 16 76 34 30 7 20 55 13 56 73 14 45 51 47 36 17 67 49 80
34 69 36 66 21 6 59 60 59 76 2 47 56 53 46 30 4 7 30 63 19 51 40 74 33 9 67 23 71 54 27 13 66 42 56 56 46 59 41 42 1000000 79 13 13 64 68 15 46 10 68 36 26 63 53 80 26 12 47 25 72 17 7 66 74 13 49 8 41 25 2 58 10 15 6 28 6 55 7 24 78 46 4 14 59 7 22 73 4 62 48 43 69 47 74 2 42 60 43 42 18 73 9 27 13 11 38 11 33 57 45 29 34 77 60 27 23 57 67 26 10 23 8 21 40 32 11 20 34 68 63 76 44 71 36 49 59 75 46 42 55 14 70 14 49 35 37 17 54 6 2 55
48 10 80 23 8 39 13 43 15 21 24 8 14 37 77 37 63 9 52 29 31 64 12 10 74 76 29 27 47 32 56 16 63 21 40 56 44 13 3 54 38 1000000 14 19 61 16 18 68 16 22 7 18 68 37 38 30 69 35 44 48 50 37 11 76 21 21 11 65 37 51 43 60 13 57 13 5 13 54 29 30 30 65 62 13 60 35 54 72 50 54 30 78 20 76 37 80 32 26 46 47 58 32 22 28 28 11 2 37 28 5 73 37 35 55 25 63 16 14 5 11 30 35 17 40 6 29 12 26 71 73 7 15 42 73 61 19 33 73 35 67 78 51 80 20 61 65 45 76 52 59 64
63 28 34 28 58 66 37 54 36 26 30 62 25 30 2 79 76 5 42 66 36 13 42 15 15 25 17 46 49 46 28 25 66 58 32 70 31 18 10 35 27 52 1000000 3 9 41 2 51 66 62 41 9 56 8 35 8 66 60 24 18 51 18 36 74 28 36 48 33 9 4 69 65 44 43 45 80 18 74 38 51 64 13 33 47 64 80 25 68 55 21 28 31 34 38 34 39 46 63 55 48 52 42 13 11 80 68 4 66 52 23 27 45 57 70 34 15 61 5 77 78 63 57 37 15 59 23 77 57 14 4 2 26 21 28 38 77 43 47 18 57 23 63 73 73 54 42 72 75 9 54 76
63 20 7 79 53 73 11 11 72 76 2 48 74 62 79 64 21 76 76 51 60 50 3 17 66 16 36 39 33 18 45 52 12 74 74 33 28 2 18 2 38 35 35 1000000 35 30 2 4 24 53 25 9 44 75 19 18 41 4 74 49 60 74 19 69 40 38 56 41 34 70 70 39 51 73 16 72 21 18 33 11 53 66 19 35 62 27 37 77 51 57 31 16 36 61 13 12 77 26 32 46 59 42 47 78 66 80 26 30 6 65 5 71 5 40 31 61 48 51 52 2 36 43 39 26 61 15 66 29 42 46 52 62 45 62 46 4 23 78 51 40 53 69 45 4 15 35 26 32 13 7 70
75 56 46 43 2 47 2 3 31 78 34 5 75 41 80 12 69 14 36 35 56 50 45 61 66 11 34 66 10 61 61 71 11 25 40 28 53 77 64 30 69 64 17 66 1000000 80 6 71 59 40 74 19 61 42 8 80 76 23 42 28 49 55 10 24 68 30 44 43 54 67 71 14 70 23 71 22 65 78 28 44 66 20 8 31 56 71 24 7 48 22 5 56 42 42 65 80 14 23 34 5 4 38 34 61 62 8 46 3 19 16 2 63 9 65 52 75 71 60 67 54 47 10 76 49 35 46 64 42 50 23 59 64 19 52 65 19 31 68 22 37 2 74 59 7 10 29 40 68 58 38 67
13 70 53 76 45 56 26 14 38 26 24 66 63 67 40 63 68 76 71 63 60 66 6 60 72 57 36 45 46 41 53 59 43 55 39 10 6 66 4 6 29 18 60 77 11 1000000 60 72 18 12 29 73 31 26 19 71 4 72 7 44 28 5 63 78 15 24 75 10 35 34 65 47 26 40 41 21 15 56 41 65 64 7 47 29 22 61 44 41 17 38 18 51 12 55 54 41 28 13 52 9 13 57 73 24 59 51 25 74 30 54 55 46 37 16 80 80 48 26 31 17 15 18 74 18 40 80 76 6 78 50 16 14 51 60 35 34 79 57 35 21 27 32 10 15 48 61 11 8 44 74 11
5 11 43 56 12 19 8 7 18 9 14 32 32 39 4 26 11 70 45 40 36 72 52 77 17 60 27 34 79 31 56 32 21 3 34 30 60 79 58 29 6 2 33 42 38 34 1000000 9 38 34 20 7 39 5 38 66 71 58 54 17 55 29 48 26 40 76 10 68 22 49 24 52 15 71 41 63 31 69 4 32 2 53 61 7 69 54 31 49 24 27 19 17 78 78 35 62 49 49 39 23 76 19 19 32 21 42 60 12 80 29 44 54 27 2 76 46 28 58 54 3 75 37 58 4 34 18 58 39 51 72 59 67 15 51 34 53 46 61 48 49 63 47 68 18 75 46 48 43 16 76 35
20 21 19 20 60 40 30 78 63 46 27 27 31 18 47 2 49 6 75 29 35 38 3 22 43 61 67 23 18 53 60 72 26 75 70 54 71 70 40 6 35 37 79 31 59 48 17 1000000 20 46 26 74 58 60 27 35 39 39 66 69 69 6 31 73 11 31 14 47 54 32 76 45 13 24 67 19 8 20 56 13 69 9 75 4 65 55 2 23 72 16 49 27 46 64 65 78 74 18 69 9 41 8 34 32 25 3 2 78 10 30 68 46 79 33 69 67 47 71 71 26 67 30 35 39 71 32 45 68 9 51 26 75 32 33 26 19 30 9 79 24 30 9 57 52 47 65 52 23 16 14 68
63 4 23 35 28 24 66 22 54 13 15 67 61 24 14 79 24 6 31 34 71 14 34 10 6 66 3 21 66 17 45 41 24 13 3 59 80 28 54 76 25 64 71 47 79 24 21 80 1000000 35 65 76 2 30 62 63 62 9 19 55 10 17 40 79 50 9 73 30 9 23 41 31 37 6 39 22 55 29 24 16 43 25 43 59 64 47 8 76 57 47 21 70 77 2 2 45 41 2 5 27 66 13 18 35 42 49 66 62 72 57 63 56 73 27 61 53 71 70 52 73 72 58 73 32 68 42 63 63 70 63 33 12 17 69 43 27 79 48 3 22 32 12 70 36 53 13 32 78 67 5 5
51 66 39 36 63 58 22 58 50 72 68 18 7 40 25 30 77 59 67 59 71 2 60 12 28 69 40 62 27 10 19 9 68 44 60 50 75 22 14 60 76 33 15 22 76 38 71 15 13 1000000 51 25 16 73 33 23 50 78 74 32 57 64 49 75 4 12 63 58 9 61 72 51 54 60 14 66 11 26 5 42 26 7 3 17 58 77 80 63 29 60 59 21 41 75 13 15 26 39 19 77 25 2 10 41 5 48 30 80 67 45 60 75 59 80 26 24 76 10 54 45 3 24 65 9 77 12 28 29 75 30 61 55 49 75 41 71 36 64 17 3 66 60 55 71 46 80 11 59 12 65 51
17 7 2 37 42 57 8 17 69 71 72 6 40 46 53 79 77 27 56 35 74 18 52 42 9 39 66 55 78 19 56 22 54 39 61 71 45 71 12 69 9 2 36 10 49 32 69 38 20 41 1000000 37 77 7 65 69 15 30 63 28 21 17 2 75 23 80 53 17 9 20 34 2 74 19 70 41 12 67 70 34 7 78 6 48 66 54 54 8 27 5 23 69 72 11 55 41 19 5 63 71 48 76 12 70 35 22 58 42 50 16 37 78 15 20 34 58 67 49 42 27 27 6 6 51 59 55 78 13 68 21 44 63 70 61 26 72 62 8 41 5 67 58 71 21 11 10 14 17 20 12 43
15 57 50 57 63 25 45 19 55 37 23 48 12 21 61 75 52 11 55 49 68 6 21 4 16 17 9 55 30 69 58 59 72 63 10 20 7 13 59 18 70 67 23 80 80 40 16 66 27 15 69 1000000 59 29 29 47 37 69 12 33 31 72 30 43 35 10 17 8 72 42 29 15 24 71 52 9 71 61 5 15 9 29 48 36 48 41 32 24 9 18 80 45 35 36 28 53 11 48 59 57 42 15 56 61 51 46 63 40 11 7 47 49 54 21 42 80 34 21 47 8 53 42 72 38 80 60 23 18 21 15 52 16 18 35 35 80 57 72 25 72 24 37 55 24 80 51 12 56 68 7 60
16 17 17 63 26 19 12 68 20 22 74 9 10 31 27 60 24 2 34 28 64 48 42 50 8 37 71 58 64 31 28 71 60 8 5 21 14 51 62 37 68 35 23 42 60 77 48 15 61 48 22 66 1000000 18 42 60 33 50 40 73 30 7 57 78 55 65 57 25 7 42 30 64 74 72 32 20 30 53 62 75 8 6 77 3 34 55 8 13 44 55 71 34 8 8 49 9 22 46 66 64 46 73 43 23 29 22 43 50 57 17 48 79 6 29 3 57 32 52 36 43 41 42 32 20 52 59 77 12 48 12 33 39 51 80 12 3 40 71 61 22 54 60 40 47 22 54 70 15 36 46 70
25 16 63 13 42 56 29 56 73 54 26 54 55 39 53 62 49 30 13 38 56 26 71 5 46 31 61 66 68 14 16 65 24 39 61 12 20 74 26 46 34 42 47 22 56 22 19 66 40 68 21 22 38 1000000 22 41 44 17 69 39 15 41 73 43 17 21 35 55 42 18 60 32 64 8 33 2 44 64 36 43 14 16 45 33 28 11 70 4 39 30 37 5 14 52 43 10 58 78 22 46 76 62 35 45 6 58 32 39 33 62 63 36 27 75 17 37 37 3 72 25 76 21 78 2 80 29 9 32 18 41 19 34 79 79 79 57 2 16 17 40 49 47 3 69 10 34 65 62 22 58 78
7 49 58 25 58 49 71 37 64 15 14 21 27 60 27 20 9 3 36 47 10 5 60 56 41 40 36 58 41 17 69 63 38 44 40 24 5 4 57 58 4 7 23 60 78 59 18 56 53 55 65 21 10 41 1000000 19 38 43 7 68 36 28 37 61 26 54 39 41 53 51 56 18 67 56 62 15 3 51 47 5 51 77 70 59 13 66 11 29 29 38 33 56 55 18 51 76 30 68 64 80 6 75 12 8 49 22 60 16 11 39 37 33 45 72 49 50 11 53 39 53 74 53 6 6 2 76 51 78 20 28 68 40 16 74 32 48 9 77 52 4 45 39 37 63 34 70 37 48 7 39 72
13 25 18 53 34 63 41 44 79 52 66 34 6 32 16 32 4 41 32 41 65 5 37 40 74 26 68 16 35 19 37 20 51 45 59 40 38 4 35 20 37 9 66 32 6 41 63 48 26 27 19 56 20 53 51 1000000 15 58 69 31 31 53 4 33 30 17 59 22 14 12 23 6 65 56 78 33 55 72 72 74 42 75 57 27 57 2 54 33 49 20 67 9 45 57 5 77 19 51 52 77 64 63 46 47 40 18 36 73 76 8 4 61 75 68 56 44 50 14 62 68 77 41 53 76 7 31 23 53 60 19 10 56 36 19 80 36 30 67 18 25 49 69 6 57 78 34 20 59 21 56 52
13 24 42 3 74 68 61 30 46 46 47 51 55 5 60 63 72 47 68 50 25 6 77 23 14 30 25 78 38 56 63 52 11 18 37 21 37 39 39 47 65 76 42 7 18 22 72 48 27 64 51 61 30 53 32 44 1000000 30 67 60 51 74 20 67 3 60 47 72 76 19 52 10 23 12 44 35 48 66 35 76 4 69 58 37 65 30 75 74 63 14 66 31 70 62 17 43 72 16 34 44 7 2 58 72 46 72 44 19 60 78 55 22 76 11 4 48 13 23 16 34 33 30 69 74 69 56 6 45 67 68 62 41 19 49 26 55 26 63 71 47 3 39 49 74 35 75 74 60 51 76 77
51 14 53 15 16 21 51 30 62 40 78 59 46 39 11 55 45 31 65 38 72 58 72 28 30 69 78 15 37 18 14 44 13 66 35 64 39 17 41 10 55 16 40 65 60 39 32 48 13 46 14 62 60 76 54 18 47 1000000 30 74 25 52 28 20 12 10 78 24 47 3 67 65 17 7 12 2 44 10 73 19 78 72 30 54 51 2 5 17 65 23 47 23 16 69 50 18 55 69 13 23 4 22 20 28 69 37 21 34 48 21 17 75 16 58 41 30 34 61 18 75 63 63 5 17 11 61 56 62 16 29 45 71 60 65 64 20 16 22 20 12 17 78 3 46 73 40 79 19 12 26 42
40 16 80 17 45 56 69 37 61 17 30 22 78 69 31 6 68 34 51 33 29 79 62 52 67 75 57 26 63 18 46 4 32 40 33 72 44 6 54 10 59 25 28 5 27 63 69 22 31 77 62 34 28 49 18 76 64 55 1000000 76 45 20 77 65 39 79 31 9 47 18 80 41 68 52 19 21 31 3 45 56 49 63 36 60 48 28 6 3 49 73 39 45 31 12 46 45 11 78 40 21 71 57 58 25 55 23 61 54 56 45 80 75 70 62 3 4 18 14 40 54 3 65 67 52 63 22 17 30 67 55 15 54 37 20 53 46 60 66 52 16 25 23 49 57 7 42 35 57 67 75 15
11 76 40 14 21 48 13 7 70 42 78 29 45 31 26 31 75 60 4 5 4 51 54 26 51 54 9 16 12 57 47 60 42 24 45 67 77 21 73 3 72 54 34 73 80 28 58 51 60 30 33 62 52 34 28 45 50 40 18 1000000 25 77 19 20 80 47 37 21 14 67 74 65 29 19 47 20 66 46 80 67 36 79 74 69 22 14 31 28 7 56 4 18 17 9 37 14 37 31 70 77 78 54 44 15 79 18 32 15 47 33 70 21 32 31 6 18 71 39 18 48 55 77 75 12 75 7 12 41 40 73 47 16 75 4 25 47 66 67 48 2 26 26 28 51 40 21 70 63 57 33 5
75 33 31 57 35 22 14 37 22 36 11 51 47 17 54 39 40 33 67 68 24 71 24 74 2 4 78 37 14 30 33 41 30 36 29 25 49 64 51 30 73 31 6 40 58 66 49 50 27 57 42 31 76 42 61 19 14 30 13 28 1000000 77 35 12 76 48 41 33 38 62 20 76 15 20 9 13 13 39 36 56 9 13 8 19 13 38 75 25 34 5 4 41 80 2 4 45 24 4 71 18 45 21 29 4 5 41 54 51 56 45 24 11 3 9 30 60 62 60 23 56 6 14 73 70 72 46 61 13 37 60 40 74 79 75 11 72 20 41 45 36 39 52 8 20 64 20 34 55 25 48 5
10 17 47 76 71 25 2 12 48 77 56 65 21 41 68 56 35 38 8 33 8 19 42 31 28 49 42 16 47 16 69 60 44 67 40 50 69 19 22 33 77 61 44 47 35 64 70 22 52 30 33 31 43 52 67 43 13 18 9 42 20 1000000 25 38 55 78 12 43 70 7 70 6 21 8 12 46 5 62 46 3 68 30 22 25 66 22 37 57 58 8 79 38 4 78 74 18 42 47 69 50 78 62 60 71 19 53 15 44 64 78 64 65 13 34 32 51 24 50 57 14 47 57 5 17 79 50 44 33 60 62 74 14 7 57 16 52 28 67 56 77 19 5 19 63 19 67 41 34 52 59 3
45 39 45 65 7 16 9 17 56 43 64 65 41 62 80 75 4 52 74 56 50 64 2 70 51 70 53 32 64 15 37 65 23 45 5 40 60 6 62 69 32 46 4 64 61 65 57 32 72 28 31 31 61 72 68 38 27 14 51 4 7 30 1000000 35 23 69 45 41 63 57 23 8 39 59 18 6 52 35 38 41 51 8 60 80 49 42 24 65 10 44 47 53 5 29 14 54 51 30 62 78 22 43 12 57 46 19 65 34 8 78 16 70 65 5 45 18 39 62 55 35 42 52 65 71 49 16 72 71 27 30 18 50 51 69 52 67 73 34 6 5 10 53 78 62 73 42 80 48 72 18 28
5 63 68 70 76 80 72 2 46 66 70 30 32 41 28 74 66 18 68 26 17 56 64 63 10 23 39 35 40 69 78 60 25 56 44 11 44 78 72 41 18 34 64 17 21 24 66 22 43 69 62 60 39 53 76 70 79 78 52 22 72 6 22 1000000 69 72 43 37 30 9 65 53 27 44 65 52 69 51 69 50 30 19 78 47 72 10 9 74 70 27 66 32 59 9 17 8 24 10 12 52 62 49 40 11 50 34 80 28 62 26 26 38 53 9 10 48 3 25 51 34 24 63 29 76 57 60 45 56 79 6 16 18 64 21 42 9 76 78 53 17 37 7 54 35 8 19 32 22 74 15 20
26 21 49 75 71 39 61 75 45 64 75 51 32 32 68 35 37 21 10 24 67 41 20 2 77 13 31 13 78 71 36 29 77 27 77 31 48 48 47 15 24 26 3 35 34 25 10 37 37 5 70 38 16 54 36 8 16 61 28 49 63 69 39 12 1000000 80 51 79 30 43 40 40 57 39 55 50 65 40 52 64 35 69 24 45 53 64 55 14 26 39 26 45 70 21 20 78 45 61 11 17 76 35 28 22 25 15 40 80 75 12 45 7 31 17 14 39 3 57 50 29 42 51 50 80 36 10 13 63 4 23 34 10 41 10 13 16 42 14 49 19 69 20 55 28 30 48 53 80 13 40 42
15 3 19 19 76 80 49 62 72 11 24 74 11 30 24 19 29 49 68 10 57 67 20 19 19 39 46 71 26 62 33 21 39 9 47 7 72 36 24 13 62 21 70 19 16 25 27 38 22 56 72 50 38 64 22 44 74 35 50 43 46 41 6 60 45 1000000 69 79 77 19 66 22 48 7 61 63 73 8 49 2 30 53 32 27 30 78 70 64 63 52 27 65 43 40 56 47 3 71 74 68 44 50 10 33 32 41 58 2 32 53 42 27 47 46 15 48 45 6 56 20 29 33 57 25 80 31 7 52 77 54 19 57 46 34 49 29 60 22 27 79 43 41 5 55 2 49 72 39 67 5 8
36 72 63 26 24 36 58 57 17 24 21 15 65 46 16 32 76 67 37 74 9 71 39 39 15 26 66 15 26 21 20 19 46 77 69 10 63 62 15 57 56 41 64 22 33 52 49 21 71 45 70 63 47 78 79 13 43 25 8 64 16 72 44 78 71 46 1000000 48 57 78 64 68 12 78 12 78 72 24 53 19 77 2 17 31 62 71 76 80 73 16 19 36 17 56 26 12 75 28 58 25 7 65 75 32 7 13 58 59 37 51 57 68 75 76 38 65 63 72 79 29 66 40 75 28 48 46 6 68 45 49 9 44 37 77 17 65 72 11 69 49 48 16 72 34 2 3 74 36 65 52 38
36 5 19 51 60 68 22 22 63 2 37 7 72 41 11 44 61 78 46 19 55 65 27 42 50 61 20 68 6 69 71 43 33 70 33 50 19 9 27 26 27 72 67 68 72 61 53 9 42 47 57 29 80 33 2 7 63 9 7 78 79 43 14 41 50 76 76 1000000 51 50 10 18 36 26 72 56 52 3 78 43 59 61 43 44 21 42 45 25 55 69 5 28 7 74 72 16 79 13 60 35 24 73 28 6 22 69 56 70 48 43 56 57 54 33 9 60 44 53 17 18 43 71 3 39 47 57 13 3 77 25 80 77 74 38 73 9 37 50 77 49 69 44 19 36 72 44 72 18 78 71 43
13 5 9 46 68 58 36 4 80 42 17 64 35 41 18 43 26 53 78 77 75 73 66 73 68 24 23 66 38 11 22 60 78 34 29 62 23 38 59 42 73 64 27 44 9 5 41 77 68 27 28 79 55 67 8 2 77 48 77 39 33 4 76 48 28 76 35 73 1000000 50 8 16 59 60 48 77 6 7 60 6 53 45 52 9 39 21 16 8 64 60 25 23 53 8 38 19 63 20 29 16 12 38 36 5 17 68 4 50 25 29 77 45 75 20 46 57 77 77 13 43 24 44 61 46 64 25 57 68 5 48 42 65 27 35 6 8 69 29 9 71 22 56 34 49 19 12 17 38 61 18 66
40 74 63 75 77 14 79 29 50 7 33 20 77 30 22 50 22 61 15 9 50 12 73 18 47 55 20 55 74 40 79 69 26 48 17 73 48 71 14 15 50 63 7 32 40 13 65 65 3 66 56 3 23 22 45 40 78 42 73 71 39 45 28 27 22 25 38 80 7 1000000 34 5 11 7 2 3 27 34 3 72 40 72 9 29 69 44 46 42 77 5 19 72 71 9 26 68 60 50 44 75 37 4 32 23 58 38 69 43 69 75 67 48 16 51 9 78 43 9 27 59 4 30 26 8 25 27 75 50 40 68 32 51 78 59 41 34 76 79 43 42 46 77 37 61 77 15 59 62 69 53 28
42 75 14 51 33 21 48 44 6 66 14 37 17 80 72 31 78 7 9 14 5 31 63 68 52 32 19 51 70 56 69 76 80 53 35 76 51 30 44 12 65 30 71 14 39 15 74 66 80 80 33 60 45 29 40 65 59 49 20 23 53 18 53 30 30 57 3 28 51 66 1000000 27 74 49 74 15 58 21 42 26 43 26 49 20 78 52 4 23 56 70 37 62 55 67 46 53 34 20 19 33 72 45 13 32 42 9 39 75 9 50 29 22 42 55 78 38 79 11 58 73 72 20 70 12 55 5 9 21 12 62 42 5 31 38 18 26 72 61 36 38 41 20 52 56 64 73 44 66 60 17 62
26 67 18 73 42 26 72 41 18 65 22 4 73 57 41 2 66 47 50 43 13 79 44 71 80 6 77 71 13 27 47 28 30 78 69 11 73 2 20 37 8 73 24 4 38 64 9 61 35 43 39 64 72 63 4 14 53 49 33 62 65 19 63 59 49 14 8 28 23 19 70 1000000 63 14 63 21 67 2 71 74 22 9 6 53 79 49 23 21 15 3 19 46 34 65 8 42 38 39 26 68 68 30 46 52 34 77 63 58 28 36 18 70 22 76 80 64 13 12 37 46 22 39 45 77 57 75 64 17 55 47 56 59 14 32 44 34 24 60 31 64 73 10 24 19 6 63 52 74 25 72 65
17 25 55 64 48 15 80 75 29 58 44 40 25 19 53 41 28 63 56 20 75 76 19 68 10 16 69 12 22 32 61 4 74 8 9 27 68 37 12 47 28 36 66 77 4 38 29 49 66 67 67 42 75 38 61 41 73 65 59 61 65 28 25 36 9 9 59 25 54 57 29 20 1000000 40 22 23 78 27 70 28 69 47 31 42 66 64 45 28 61 57 73 65 34 11 74 22 70 25 25 79 21 68 59 14 38 72 50 57 27 52 26 69 65 53 16 66 31 33 44 16 31 15 45 73 44 44 54 62 42 39 29 69 75 31 28 62 15 48 67 16 72 77 34 16 47 65 59 15 78 41 52
70 68 31 34 24 12 74 53 14 48 61 76 18 66 52 68 44 20 44 47 14 15 30 19 62 49 13 17 51 60 69 80 6 2 55 72 75 55 21 22 67 74 57 77 63 77 17 77 47 11 56 80 70 33 7 66 53 51 49 76 66 56 63 41 59 18 66 51 41 74 17 38 25 1000000 5 37 38 54 3 42 35 56 32 77 34 4 50 58 47 32 41 57 42 49 14 33 44 24 69 37 77 46 5 48 61 40 40 40 44 67 65 21 62 37 69 29 58 55 59 3 32 37 38 67 43 41 38 56 14 40 33 59 66 22 60 40 48 60 65 29 5 8 77 51 30 4 37 54 68 76 27
50 8 73 51 74 48 45 30 56 54 5 70 26 52 44 72 66 44 63 72 35 58 22 51 61 18 15 77 26 23 64 67 19 78 74 39 67 49 2 19 50 40 56 45 20 54 44 18 27 43 79 24 38 23 70 55 70 7 48 16 51 19 14 72 72 7 2 11 11 46 15 70 49 20 1000000 60 29 15 5 66 56 61 72 6 36 38 60 27 68 31 48 63 69 10 13 32 54 69 48 40 8 45 52 4 50 24 13 18 37 73 35 72 77 78 33 53 42 7 2 38 53 61 9 60 47 64 12 64 69 26 73 34 58 25 21 16 52 9 63 76 63 61 17 39 73 13 52 36 26 34 12
60 55 74 66 13 57 27 76 73 55 42 13 29 72 5 64 15 32 34 23 53 36 21 4 22 72 11 51 63 31 23 74 76 78 37 67 46 54 78 78 24 29 59 74 18 74 33 60 44 68 52 24 27 62 41 10 71 13 72 25 38 27 59 35 3 47 49 14 78 6 50 14 3 11 5 1000000 17 22 14 8 62 78 58 53 19 48 53 8 10 63 25 23 50 77 7 57 2 46 20 71 43 3 58 46 56 63 39 76 20 39 58 71 10 43 52 19 22 49 3 36 12 8 75 62 70 30 10 23 25 14 25 5 32 26 55 50 22 76 33 24 37 72 68 72 70 33 10 19 33 32 38
8 14 21 71 60 38 28 73 28 69 18 50 12 65 73 47 67 22 3 55 42 63 13 68 63 52 45 7 23 52 14 8 78 57 27 66 31 8 10 37 38 48 46 31 20 66 64 71 11 52 16 60 10 45 53 6 2 44 22 50 74 32 5 52 31 13 47 4 45 36 45 30 33 55 26 14 1000000 31 67 74 73 26 7 56 27 71 78 78 64 22 71 14 52 56 68 61 74 9 32 27 24 43 12 28 43 47 12 64 23 58 19 51 3 53 19 24 26 29 44 44 72 69 62 30 29 75 67 28 53 65 50 69 13 67 48 70 57 5 7 44 66 9 44 27 30 76 48 80 10 59 44
63 69 12 66 7 12 28 24 17 41 80 72 31 65 46 21 63 35 61 62 10 62 30 77 51 34 33 28 5 40 16 34 64 12 71 5 74 59 33 52 56 28 16 5 9 48 65 76 11 78 67 45 30 9 26 46 19 59 78 47 25 21 36 12 78 26 65 48 62 9 79 26 80 57 7 53 67 1000000 14 64 38 40 29 10 76 9 14 23 42 17 34 14 27 22 30 57 12 14 66 56 33 2 32 44 52 66 37 9 68 62 16 72 8 15 2 45 62 54 39 61 76 16 32 74 18 4 70 70 64 33 45 70 63 80 46 39 51 29 53 11 44 67 20 50 18 74 49 19 35 23 26
26 75 27 41 28 65 25 42 55 27 32 26 18 32 75 25 14 37 38 4 25 73 32 51 67 42 61 23 28 40 79 19 45 5 32 3 57 49 45 32 51 20 19 47 40 56 56 16 39 26 10 47 32 49 51 37 14 41 53 41 60 38 70 79 72 32 21 23 69 76 62 36 27 35 49 48 22 5 1000000 4 60 58 17 64 57 48 59 52 24 10 50 4 7 5 10 10 49 75 8 67 59 73 22 5 51 72 74 51 48 69 34 52 13 35 45 8 20 70 54 18 25 45 78 9 13 49 26 31 50 58 35 54 44 74 33 15 52 25 43 13 52 3 52 37 43 39 27 20 65 32 20
23 25 76 43 29 35 14 57 42 9 44 10 4 6 38 5 18 16 7 78 55 9 50 40 39 6 27 8 26 38 69 20 43 16 77 52 21 4 32 57 68 51 45 45 68 32 41 25 58 78 63 77 70 41 60 38 52 28 42 33 4 35 7 11 66 59 78 80 8 38 77 6 58 30 78 31 5 2 46 1000000 78 57 59 20 29 53 66 15 31 65 3 20 25 56 80 21 74 61 13 22 14 68 61 4 21 19 65 47 30 8 58 51 19 5 57 46 44 67 55 64 22 74 2 69 61 44 72 35 59 49 78 35 66 30 52 36 9 49 36 65 48 80 64 11 62 69 31 57 60 36 3
65 75 54 29 74 35 79 79 28 25 56 4 54 79 21 62 18 44 74 6 29 18 68 77 40 30 42 4 70 77 14 50 75 6 9 45 79 34 14 17 23 52 55 31 12 7 75 52 60 52 69 46 58 26 60 54 52 49 26 35 27 53 26 9 56 63 74 14 31 44 47 57 34 57 39 74 67 32 35 62 1000000 75 38 70 48 14 14 3 19 38 56 50 71 67 73 10 15 3 21 62 13 66 33 3 43 61 35 3 16 76 11 28 73 25 20 47 55 77 79 21 55 56 62 79 27 33 3 56 19 29 30 63 36 80 6 27 22 29 2 45 2 73 75 31 35 11 28 30 28 32 37
46 38 12 3 69 13 71 62 21 3 69 16 80 72 78 63 27 31 42 74 11 23 33 22 48 8 21 4 74 8 9 17 50 59 20 71 32 69 26 29 8 30 79 8 20 54 71 73 47 8 72 79 61 72 34 22 13 28 74 6 56 10 9 25 4 41 7 45 51 29 65 77 32 13 71 12 19 15 80 66 12 1000000 3 25 10 60 59 33 71 49 5 34 20 7 55 10 76 25 66 30 36 58 45 9 79 16 22 71 57 74 27 4 58 12 70 46 58 66 46 64 13 63 35 9 13 42 6 59 16 20 55 18 10 20 40 62 40 61 19 36 8 69 31 61 67 62 57 60 32 75 55
69 10 60 5 39 61 7 47 52 55 58 52 26 32 49 47 45 48 6 39 48 23 54 47 50 72 71 53 8 9 64 12 29 50 51 78 58 80 73 75 28 33 41 48 9 36 65 62 64 25 63 28 77 38 78 14 39 36 11 78 55 78 76 14 80 53 78 16 11 40 5 33 71 71 66 17 80 51 48 14 74 78 1000000 21 63 20 57 53 58 54 60 7 70 51 53 29 65 59 7 17 12 46 50 48 18 62 29 11 54 61 67 70 55 48 75 74 52 9 3 70 5 29 36 64 44 79 44 75 76 19 10 18 58 41 77 5 38 65 47 27 19 22 42 61 77 4 32 69 64 23 64
71 53 64 56 61 32 17 53 25 13 48 47 12 4 13 61 36 27 35 79 80 66 2 62 59 39 67 38 62 3 37 27 10 25 10 80 79 77 76 4 22 49 55 76 11 31 20 56 20 37 32 20 40 7 44 37 44 52 29 26 57 75 43 26 36 34 64 33 79 74 27 26 13 14 59 12 78 4 13 41 22 79 41 1000000 53 66 34 28 18 45 61 63 21 13 70 52 67 6 63 28 63 42 41 21 67 27 46 29 2 10 66 22 47 22 43 69 45 41 61 13 43 13 49 80 3 37 77 18 62 6 72 64 19 54 2 5 64 27 43 38 40 76 8 34 50 36 56 70 54 4 43
2 28 45 70 56 8 58 67 25 75 49 44 73 10 75 71 34 24 22 50 44 76 56 7 18 57 7 78 46 33 55 10 37 73 41 54 44 18 10 32 80 42 24 80 34 75 34 45 48 19 11 13 39 41 31 42 20 47 75 80 71 43 40 75 78 50 66 33 9 39 44 73 19 2 29 9 53 66 42 22 44 48 42 36 1000000 62 45 68 10 75 80 77 42 52 45 50 29 35 80 30 3 3 62 78 61 36 44 76 72 36 71 26 52 73 57 65 76 14 74 19 6 24 46 71 47 29 68 56 75 35 70 46 66 24 32 45 37 49 6 17 11 52 40 49 76 17 68 41 55 52 38
67 55 51 15 63 26 56 74 79 58 20 40 53 59 42 59 36 24 70 47 2 53 68 76 79 63 73 17 35 25 9 45 4 49 23 73 20 7 37 64 7 44 27 17 51 64 80 51 8 21 30 55 33 7 24 51 74 6 27 31 72 70 45 74 73 23 79 60 39 66 73 44 20 72 38 45 54 16 32 71 33 36 78 79 76 1000000 2 40 26 73 34 55 11 55 40 4 37 70 70 21 10 55 3 78 42 60 49 78 68 5 42 17 78 68 29 17 24 22 22 13 43 53 8 24 48 67 44 52 52 17 63 39 44 72 77 49 71 68 51 67 24 26 20 66 60 19 45 52 46 26 21
68 22 47 25 65 55 59 46 78 46 30 46 30 60 38 21 31 2 76 77 35 73 70 62 36 15 74 78 39 64 33 78 73 19 8 57 63 44 9 78 74 54 13 12 19 47 63 40 53 25 55 34 53 50 47 28 36 7 41 8 22 80 74 35 17 2 50 53 67 14 34 75 9 66 37 44 5 34 5 2 24 44 4 51 57 16 1000000 59 68 20 34 58 54 53 65 60 66 29 23 5 24 60 19 67 70 3 66 45 41 16 66 4 23 43 61 21 36 78 75 19 19 19 21 46 6 14 28 38 76 3 20 14 60 13 6 58 38 23 16 44 34 28 5 24 52 16 32 3 26 4 75
60 77 2 51 41 36 11 26 33 76 19 56 55 69 78 20 25 43 46 13 18 42 59 67 34 69 80 54 78 65 56 61 69 79 56 17 25 63 31 56 52 8 66 23 65 7 16 73 45 77 27 35 47 42 35 63 4 50 16 11 6 6 20 10 47 15 16 68 66 11 76 43 69 45 71 75 16 30 43 13 19 76 21 6 38 76 26 1000000 49 69 47 8 65 48 25 23 24 38 80 37 10 19 80 55 19 35 67 43 9 4 44 9 50 20 47 20 35 67 62 21 71 75 18 40 52 67 7 15 31 35 5 19 8 47 25 2 57 4 30 63 26 56 3 74 23 78 76 69 80 55 18
45 33 61 50 71 7 22 26 10 32 30 44 13 77 77 23 25 4 56 16 9 78 19 39 22 46 67 59 15 72 68 27 45 62 8 27 76 73 72 14 6 57 13 59 73 46 54 70 21 3 50 31 13 45 69 32 59 42 22 60 69 26 37 64 46 30 32 27 58 29 37 49 31 5 3 23 54 37 28 26 60 21 14 27 52 61 40 24 1000000 45 22 34 17 7 44 13 29 5 7 76 8 23 7 79 73 53 64 45 14 63 24 29 60 37 60 39 36 29 32 24 77 51 39 44 71 7 19 41 79 5 64 68 21 41 23 76 51 68 67 75 70 26 18 56 5 37 23 73 34 40 6
18 9 16 24 69 40 14 14 35 28 61 35 69 29 80 66 8 28 72 78 29 11 31 78 49 43 18 67 55 64 75 41 23 74 68 68 67 80 37 72 51 67 37 17 37 59 51 5 49 26 70 36 4 39 58 37 35 47 3 43 72 67 22 62 11 2 19 26 53 45 32 39 24 43 68 13 39 28 67 49 67 14 28 2 78 4 77 59 40 1000000 27 49 72 25 79 49 27 66 55 50 41 35 22 70 37 23 13 80 13 63 63 60 39 66 70 55 12 19 16 32 26 59 33 55 16 59 8 17 47 10 28 65 57 26 21 30 41 74 49 64 18 8 11 76 20 28 44 22 52 5 52
28 50 48 74 58 75 10 78 23 63 70 58 29 27 79 65 14 67 65 9 55 29 36 75 9 78 5 39 49 13 51 60 51 3 9 38 26 55 73 73 55 74 15 47 78 63 15 40 79 50 31 40 15 52 75 35 42 2 44 66 27 21 28 2 39 38 46 2 29 75 62 56 38 6 50 56 69 62 64 67 9 2 32 38 25 42 6 61 71 32 1000000 71 47 43 43 69 6 57 30 61 29 73 9 12 6 34 70 5 13 40 49 18 59 55 25 71 24 52 61 57 52 13 18 68 19 71 28 62 22 62 80 13 8 60 28 67 20 74 23 7 55 3 2 59 72 30 49 74 29 33 26
11 70 36 10 13 59 6 21 46 22 45 7 72 28 11 63 73 35 33 56 15 50 50 30 43 38 10 15 58 28 70 63 61 70 39 29 16 55 61 8 37 33 58 68 23 8 38 35 57 46 24 80 41 13 58 52 5 45 3 77 26 70 44 59 24 16 19 46 53 34 75 15 22 26 10 21 10 62 40 27 68 5 75 39 2 76 4 76 6 14 6 1000000 66 80 47 56 65 30 22 74 71 9 36 20 35 42 38 46 62 69 19 66 17 22 58 41 63 27 70 21 3 44 42 7 60 74 34 22 31 32 7 62 32 62 49 58 61 57 17 20 65 80 43 12 33 53 28 8 79 3 30
55 13 41 22 27 13 8 48 20 24 31 2 39 59 63 41 79 57 28 62 53 80 55 22 78 31 14 11 52 19 42 31 23 55 10 53 44 4 11 12 40 68 2 55 33 26 75 50 44 61 17 18 32 64 42 12 22 66 67 3 80 56 59 34 67 36 60 24 17 2 47 63 62 46 29 35 19 54 25 24 77 11 45 79 31 23 77 8 2 24 25 38 1000000 8 55 9 18 76 68 17 70 16 28 69 66 66 49 18 23 44 34 37 3 21 72 40 44 28 60 24 37 75 22 41 28 34 73 27 75 28 67 46 58 5 78 59 20 9 72 54 79 46 69 77 6 32 53 33 53 9 11
60 29 21 66 15 70 28 53 41 72 45 40 59 45 55 60 25 5 9 9 8 13 21 12 26 18 46 69 63 67 57 64 50 64 41 48 41 27 17 11 48 52 49 13 2 8 11 56 5 22 41 5 5 4 66 34 60 76 39 47 19 42 13 70 57 49 6 19 52 27 61 28 48 19 6 30 66 59 34 61 63 51 54 69 8 41 48 51 38 25 36 17 66 1000000 10 18 25 14 33 51 24 4 18 76 19 58 41 62 11 18 65 8 62 38 2 8 68 14 71 28 11 17 62 45 8 59 47 43 78 16 8 68 13 25 52 44 16 49 60 14 39 30 22 33 40 63 17 71 23 59 27
64 26 47 19 53 25 21 67 33 77 67 25 34 47 28 13 3 4 52 75 7 20 44 45 67 21 25 80 33 26 19 70 33 7 16 23 48 42 6 21 19 70 52 22 51 60 57 6 46 57 18 14 9 61 57 3 28 77 74 70 58 38 7 72 56 59 7 76 59 55 78 17 6 60 48 68 53 78 41 40 14 3 74 74 47 23 64 5 62 26 66 27 25 35 1000000 69 47 38 56 53 57 36 12 48 76 9 34 37 13 2 50 44 3 80 6 45 14 52 28 40 58 58 71 78 14 72 60 62 49 41 14 70 8 42 77 80 7 22 35 80 41 36 70 20 6 49 42 79 7 11 4
80 48 45 8 18 38 61 29 66 55 42 27 42 24 64 21 2 4 62 79 72 18 34 37 60 78 42 46 68 55 34 34 74 69 44 59 47 5 51 62 5 77 67 9 31 76 31 11 43 46 17 39 2 72 17 15 4 50 69 4 9 76 27 48 16 32 35 72 41 29 26 25 53 71 70 28 65 10 62 5 3 39 31 28 39 66 62 3 52 6 78 78 50 15 41 1000000 34 2 48 4 80 79 80 13 35 31 66 69 53 31 69 5 71 7 29 34 54 79 9 71 57 46 46 11 47 5 35 40 27 72 2 28 12 11 54 11 28 59 25 69 41 10 47 42 74 36 19 44 37 66 30
46 48 11 36 44 7 70 71 51 44 51 63 42 62 33 68 61 53 48 34 67 74 59 4 76 58 27 56 75 56 14 18 5 5 32 73 79 70 18 45 58 48 70 28 22 77 15 21 43 23 58 18 19 40 37 42 32 15 49 33 49 46 79 16 34 25 55 26 33 10 41 78 10 55 51 63 35 29 51 77 25 78 35 17 11 4 21 14 67 58 64 26 57 18 24 53 1000000 33 53 73 65 24 78 79 47 66 56 32 76 43 59 44 5 11 31 13 17 65 21 80 79 36 71 40 43 7 69 45 68 59 46 15 36 37 58 44 59 64 26 13 59 27 31 47 46 15 40 25 36 45 37
71 18 79 66 24 75 24 32 51 68 70 39 70 73 55 48 50 33 17 15 63 67 63 71 13 72 52 9 45 7 42 22 42 25 64 66 25 14 47 39 13 39 35 56 75 73 78 31 67 47 28 43 63 40 28 28 34 67 56 4 19 25 78 3 18 63 31 21 45 15 45 63 16 24 48 32 44 2 75 60 7 15 28 44 14 41 63 52 65 7 57 62 79 77 30 9 18 1000000 51 60 65 4 8 21 67 7 68 79 76 66 69 17 50 52 17 53 58 12 76 66 32 60 66 7 72 9 51 47 8 4 46 22 70 74 32 13 28 46 35 10 53 44 26 16 32 74 31 28 53 31 12
73 42 32 56 52 29 49 53 74 20 49 9 73 28 25 8 18 23 17 58 60 12 36 43 19 44 51 12 72 47 41 4 59 70 10 38 11 27 17 20 42 41 61 23 39 66 78 42 30 56 44 25 73 75 59 56 64 70 69 3 48 14 14 32 77 70 80 9 22 4 9 63 71 61 57 67 66 52 71 36 22 7 67 40 16 35 33 68 66 67 6 21 76 35 40 55 78 65 1000000 37 78 34 37 58 63 75 15 8 4 3 75 38 71 8 58 47 18 47 74 10 71 57 45 49 12 38 68 34 68 25 19 8 73 39 76 18 12 37 75 78 47 39 63 5 17 57 15 24 35 61 3
68 23 9 65 32 47 4 70 30 30 22 51 64 71 77 57 60 12 24 47 34 69 58 14 52 32 78 73 8 46 5 24 3 17 8 46 38 35 13 9 7 11 58 66 44 67 51 19 39 71 12 47 77 14 76 42 51 75 35 9 46 2 70 61 65 58 21 25 10 46 76 12 38 27 46 65 40 9 34 52 61 57 15 41 3 80 19 44 30 44 18 65 34 68 10 64 9 37 28 1000000 10 6 76 20 26 38 11 29 3 80 25 65 35 80 39 71 2 7 23 21 76 23 73 28 67 25 3 3 6 44 41 65 74 45 69 7 61 37 59 19 69 59 51 8 75 6 22 3 48 4 77
31 62 44 9 22 61 31 26 6 36 49 39 19 44 53 40 21 15 40 77 40 36 68 40 65 13 55 13 8 23 2 36 4 72 17 24 67 20 22 80 13 62 78 60 45 78 15 14 36 8 22 49 51 22 44 3 11 55 3 64 58 37 56 32 22 80 48 76 27 80 33 2 25 7 71 47 35 25 43 58 51 56 44 33 46 52 78 13 12 14 62 31 43 64 67 42 26 2 11 10 1000000 77 33 60 34 57 27 77 57 2 76 32 78 68 29 74 29 68 71 2 80 58 35 49 73 29 19 6 78 39 78 70 18 61 76 45 56 13 9 32 30 66 17 47 28 37 29 31 31 31 3
17 49 9 46 66 17 43 35 67 17 71 73 44 9 9 39 40 38 34 10 54 38 26 46 50 61 49 41 69 16 74 74 34 73 35 24 10 27 57 18 65 23 41 17 12 31 47 34 41 75 72 53 6 45 19 43 38 45 58 60 28 80 58 57 22 49 22 16 63 58 70 43 53 30 32 3 80 54 70 72 66 58 68 13 33 56 33 65 21 22 76 31 17 15 29 41 71 72 5 41 62 1000000 16 5 69 53 34 50 54 70 62 35 58 47 20 44 37 7 46 16 58 76 8 56 29 3 32 32 59 2 46 54 67 40 40 67 15 21 46 28 2 13 50 27 30 5 51 47 20 26 14
24 26 4 77 47 49 56 75 31 7 5 15 25 9 44 73 58 14 30 39 54 55 77 71 9 36 59 52 14 63 53 22 50 71 66 17 44 74 30 53 11 35 24 48 54 57 4 56 16 72 51 50 43 8 70 5 19 8 67 10 13 19 62 71 69 22 3 55 23 48 3 11 23 9 35 73 42 50 63 55 72 41 78 41 23 36 59 45 27 66 51 10 57 8 8 2 17 71 19 32 4 14 1000000 15 45 2 54 13 15 25 12 52 27 45 24 11 9 30 20 63 41 10 53 52 67 62 26 38 76 25 62 7 29 42 76 28 74 21 51 75 27 26 45 29 43 57 41 47 27 79 52
66 37 80 40 14 56 73 19 15 45 58 80 60 18 28 27 51 7 75 24 75 17 65 72 40 23 7 32 72 10 3 55 21 31 40 3 43 68 44 56 79 25 48 11 6 13 6 40 21 54 13 53 72 40 12 56 10 50 61 8 36 43 31 68 62 8 10 5 8 13 34 30 54 19 51 2 56 32 28 50 64 12 55 61 4 29 36 42 73 6 14 70 6 56 65 68 61 20 54 80 36 24 21 1000000 16 35 6 18 11 53 17 74 55 68 68 69 32 14 32 44 29 56 52 51 29 65 3 58 67 78 40 79 31 4 67 65 9 23 53 40 7 19 12 6 79 4 11 80 78 60 29
19 6 9 65 79 18 58 75 4 2 28 59 41 3 31 70 19 58 52 47 15 80 12 35 79 31 80 21 22 20 47 59 26 44 46 70 17 67 14 7 79 62 19 75 15 27 75 33 25 73 39 41 48 76 56 54 10 32 18 40 40 28 75 76 31 53 57 42 20 2 76 68 7 38 79 30 36 60 6 37 68 35 52 5 80 55 42 75 68 49 32 59 68 4 75 17 58 65 70 77 68 7 42 40 1000000 6 48 69 58 26 57 20 14 15 7 6 45 78 47 11 16 7 67 44 73 31 75 53 66 54 23 78 80 22 5 44 75 64 9 30 53 73 39 26 16 70 51 16 12 10 8
67 7 9 66 74 5 62 68 21 68 48 3 60 28 56 35 52 48 33 49 23 51 25 62 20 65 66 18 63 59 80 80 57 4 78 39 56 29 17 73 8 28 23 19 3 29 25 30 10 47 6 8 16 53 29 26 72 40 20 56 24 33 7 55 53 62 26 64 61 71 23 80 17 80 66 27 11 42 74 59 57 16 18 72 17 41 39 3 2 32 75 2 52 50 26 50 47 24 30 54 10 28 70 67 71 1000000 68 17 26 75 37 40 22 58 51 51 26 44 26 44 74 36 10 75 7 30 5 38 29 36 67 49 29 52 21 50 80 20 79 31 68 17 26 19 3 43 53 69 68 53 66
51 28 13 79 61 63 14 24 31 64 53 59 75 40 46 55 5 16 28 64 39 22 43 63 63 79 39 25 44 75 65 62 23 13 51 23 51 34 62 53 43 63 67 24 61 29 7 49 55 69 12 17 42 32 15 60 24 67 14 78 57 21 65 20 5 58 27 18 61 35 80 43 3 37 75 59 34 34 72 45 47 10 52 59 17 16 5 21 65 42 50 57 75 3 80 49 25 6 71 50 19 40 10 52 59 71 1000000 8 63 4 80 45 20 76 7 9 73 42 47 42 54 54 9 49 13 67 25 35 33 55 17 70 70 59 53 48 59 48 20 2 62 11 79 22 68 80 63 8 56 79 70
3 34 42 20 54 32 72 14 76 6 21 33 17 58 79 38 13 31 62 75 30 64 29 15 47 33 73 52 33 72 12 23 27 64 63 77 29 32 71 8 72 20 50 49 65 63 38 57 36 12 77 5 14 74 65 8 43 78 59 35 80 56 22 22 59 39 47 63 7 75 51 9 71 55 47 60 4 7 28 18 34 38 77 52 62 63 19 16 53 17 67 75 80 51 61 79 76 69 68 67 16 40 18 80 9 24 31 1000000 66 16 48 65 46 44 44 39 44 6 74 71 7 42 36 48 17 53 20 31 64 2 68 30 19 65 60 70 19 45 24 67 17 80 58 42 30 38 47 61 70 58 49
26 48 49 80 40 3 5 75 9 25 52 72 70 66 35 4 80 42 63 46 26 79 45 68 65 68 74 65 24 71 78 11 61 12 15 79 23 44 5 55 9 44 41 74 68 68 70 47 78 19 60 43 20 10 65 41 36 21 66 75 46 77 2 23 44 45 60 8 79 72 77 19 79 30 76 74 38 27 37 49 16 75 43 69 67 43 80 6 78 32 11 38 35 71 45 35 10 29 36 24 53 65 71 19 62 20 60 79 1000000 3 22 69 55 58 57 65 40 64 9 25 57 31 70 17 14 72 55 72 60 61 22 8 32 9 52 22 55 66 55 42 50 69 33 31 23 13 10 45 15 20 42
35 14 72 5 29 50 56 55 79 53 31 58 49 18 5 26 16 54 70 14 31 41 22 73 5 63 38 77 50 40 75 58 44 73 12 12 42 23 25 76 28 46 44 47 27 37 5 48 16 48 34 28 21 71 42 52 63 40 77 7 44 70 7 55 48 20 56 80 61 62 51 40 24 20 44 5 47 79 42 76 27 73 35 61 63 78 58 61 80 23 56 9 14 4 72 14 64 38 42 80 38 32 30 48 67 43 8 56 17 1000000 50 69 8 56 39 28 30 25 29 59 20 23 60 15 53 60 34 39 49 14 79 19 7 22 77 40 55 27 23 15 32 71 21 3 80 12 34 36 52 23 57
70 3 54 48 43 4 15 9 45 43 42 38 75 60 10 79 63 54 73 2 77 58 68 9 65 68 7 33 6 21 60 78 5 69 63 52 66 55 32 76 30 58 27 60 19 3 32 3 55 80 9 76 8 26 5 42 22 29 31 18 73 34 79 47 73 28 35 67 41 21 69 33 46 47 59 46 76 79 35 76 18 77 80 24 16 34 55 53 74 66 47 39 23 78 43 55 30 55 52 72 11 46 44 54 48 31 72 72 11 80 1000000 30 73 79 20 64 14 61 75 57 35 6 62 57 10 74 66 76 69 62 53 80 28 16 35 41 63 35 10 18 70 51 76 49 55 34 39 19 54 62 79
19 56 9 42 76 31 50 69 70 72 61 70 65 2 79 39 38 36 22 30 7 70 15 54 11 55 47 5 23 61 55 21 26 4 24 67 34 61 41 30 54 6 80 10 21 17 3 27 19 39 62 48 58 21 55 11 61 72 55 4 49 45 30 31 30 31 50 7 13 54 42 19 20 48 29 27 11 50 54 55 42 35 30 34 2 44 51 25 28 36 11 69 4 41 63 11 41 65 31 53 50 48 9 7 72 33 61 48 39 80 75 1000000 77 57 37 5 69 30 43 10 53 52 38 69 60 57 65 11 64 64 39 24 10 56 2 30 26 17 67 37 50 12 67 21 2 60 16 21 79 50 59
21 36 71 10 18 5 46 75 52 6 52 30 5 33 29 72 36 36 13 32 32 14 6 50 38 52 66 24 15 75 65 8 64 4 33 77 64 70 9 77 52 78 58 75 17 10 34 38 19 63 58 58 50 5 68 79 19 33 23 25 71 26 53 72 69 13 6 35 69 49 38 29 37 29 10 76 28 6 32 53 37 54 20 35 11 40 17 42 70 67 12 2 54 66 67 48 19 3 46 57 56 49 19 59 9 14 79 54 22 48 77 15 1000000 67 68 25 20 73 5 64 10 65 8 45 38 66 62 8 2 4 6 78 13 58 34 5 6 13 22 8 35 29 10 37 37 37 49 33 8 37 69
73 38 29 36 55 3 11 34 46 26 20 9 74 79 33 72 31 61 75 38 29 27 76 66 5 28 75 65 13 32 13 16 2 71 68 49 12 33 45 13 55 11 66 71 15 55 68 29 66 40 78 18 26 4 65 33 56 43 26 75 41 78 13 15 21 15 13 79 16 39 70 8 68 78 38 7 67 53 9 73 40 9 58 34 60 24 43 77 38 4 72 55 71 52 11 43 11 10 26 56 26 25 12 16 8 77 24 33 44 12 11 57 54 1000000 6 65 55 62 62 19 28 72 80 24 73 23 18 46 19 48 49 80 38 49 74 48 40 34 25 68 15 34 78 61 41 67 27 39 61 70 6
59 29 62 77 53 65 49 19 54 46 8 9 27 39 2 62 74 16 26 56 14 71 21 2 44 74 13 57 59 25 72 46 46 19 56 5 5 76 25 15 13 23 74 74 19 36 49 2 20 49 39 69 20 63 70 58 62 44 59 79 75 45 69 47 48 80 58 57 4 64 14 38 12 33 46 3 12 64 5 37 29 21 32 61 65 11 47 14 18 13 75 56 60 69 21 58 79 7 53 15 8 40 71 14 20 2 63 23 37 19 37 29 38 48 1000000 61 47 53 12 8 65 16 60 6 5 10 17 40 48 59 44 24 78 13 64 45 33 24 34 31 26 12 19 10 3 13 69 26 11 67 41
3 53 18 63 40 15 21 21 68 68 12 76 78 58 44 71 23 40 5 6 66 57 3 67 59 14 8 31 28 17 6 46 71 15 17 27 73 74 54 13 48 16 6 33 73 51 73 5 10 70 53 7 22 32 46 52 79 67 75 54 39 73 76 66 39 33 47 71 10 32 51 9 64 17 76 40 8 53 60 6 5 42 10 5 68 61 53 38 61 59 50 8 5 55 73 14 76 20 30 61 34 75 9 54 71 69 12 47 72 43 49 37 23 65 66 1000000 9 29 68 18 29 18 3 54 72 73 70 65 27 32 49 9 58 68 43 66 3 61 80 23 64 55 49 70 74 42 52 47 68 30 76
67 26 42 26 15 5 3 53 29 65 50 59 24 33 22 42 60 74 12 34 28 60 38 20 79 52 76 14 73 12 33 43 42 11 36 57 63 62 13 48 22 2 41 68 23 21 24 28 71 33 4 78 62 23 25 31 34 3 14 19 4 74 5 66 73 45 6 79 4 53 74 9 38 58 11 24 55 17 16 80 64 24 58 31 76 68 16 3 73 16 44 5 79 61 51 29 44 18 78 32 62 23 62 4 30 21 11 10 33 61 41 70 27 75 20 79 1000000 16 47 30 44 76 8 25 19 12 30 71 6 61 31 28 51 2 68 18 56 8 67 55 73 38 2 30 20 8 16 30 76 58 75
21 62 75 53 11 19 68 79 12 51 47 27 45 28 36 65 23 2 37 68 38 4 50 32 67 25 63 31 22 21 75 35 23 34 7 64 70 39 48 66 20 20 8 55 39 16 29 78 19 38 79 15 72 80 26 75 36 77 44 74 25 37 48 20 20 48 63 68 73 72 58 32 29 41 40 79 21 52 49 77 30 28 29 22 31 13 50 33 17 19 21 13 53 67 4 30 30 77 24 29 33 35 8 80 54 55 3 28 31 52 13 18 60 10 55 9 2 1000000 31 71 27 40 52 5 22 31 32 36 34 33 45 51 67 50 49 27 40 70 55 48 43 27 14 28 80 30 40 79 70 23 26
35 80 3 28 13 47 36 69 11 15 50 34 74 14 46 61 51 5 47 39 17 43 16 55 13 15 40 11 62 38 69 50 38 28 21 10 23 38 42 62 76 46 25 2 42 9 60 55 10 38 46 52 76 51 11 27 22 72 62 17 64 29 19 9 25 70 56 35 16 57 75 26 79 19 60 14 14 35 12 4 75 29 60 52 63 70 77 80 11 16 39 38 49 45 43 8 58 66 60 30 11 24 28 20 37 80 70 14 54 21 14 25 56 14 19 68 53 14 1000000 7 76 35 72 50 27 6 58 34 63 13 58 58 26 51 51 61 56 30 66 29 58 38 47 18 47 53 44 30 67 43 41
20 18 70 17 21 10 73 23 19 42 58 80 19 24 80 8 51 27 74 76 41 54 6 77 79 19 8 53 10 61 21 25 11 73 44 25 35 26 5 4 26 38 12 23 65 19 50 32 32 20 42 8 11 64 51 17 67 63 38 80 41 12 55 55 40 61 16 43 26 69 44 17 9 51 41 62 37 70 16 9 9 17 31 33 6 34 62 72 29 25 63 26 38 27 42 22 7 9 4 49 31 14 28 74 49 52 36 24 65 38 26 8 52 64 79 11 8 61 52 1000000 42 11 59 22 22 80 36 69 13 12 5 47 18 5 38 63 73 45 20 6 77 29 33 43 16 22 61 39 21 25 22
3 41 50 64 64 19 24 9 69 45 53 55 35 79 17 19 50 69 3 33 60 13 47 14 16 53 43 66 53 6 78 71 66 4 4 52 5 42 19 40 50 55 74 67 40 14 39 41 13 31 13 76 19 44 77 19 77 32 41 75 23 53 13 31 29 59 22 22 26 16 24 32 43 9 78 43 20 39 18 66 73 32 45 28 40 56 42 56 63 5 40 20 80 10 18 56 45 12 26 33 46 36 5 42 16 48 62 15 10 70 70 60 48 62 15 23 74 19 62 28 1000000 22 79 57 55 16 69 34 74 14 48 72 41 27 24 45 27 26 36 70 6 58 49 31 38 40 23 3 63 33 13
43 18 75 75 32 22 28 51 65 70 52 47 79 42 63 65 5 7 11 39 62 46 52 12 4 31 15 77 14 42 73 5 46 3 49 71 9 27 10 46 77 44 22 55 47 51 37 68 28 48 80 49 47 15 32 80 57 37 45 14 31 55 5 71 61 47 41 37 72 64 44 24 41 38 30 16 65 80 33 7 27 42 68 2 4 54 7 67 11 3 7 38 68 11 30 9 34 63 60 21 78 55 56 58 65 76 9 16 3 72 40 40 6 76 52 73 66 11 80 25 19 1000000 64 68 57 54 70 7 67 62 13 2 3 79 6 20 59 44 18 26 14 15 40 37 7 36 36 47 27 74 46
50 15 54 26 15 45 11 10 73 17 4 70 19 72 5 77 55 77 57 16 75 74 20 26 10 44 42 57 40 19 42 26 37 12 33 58 31 22 32 9 70 28 48 43 67 7 6 52 17 13 25 4 53 23 3 44 12 58 16 4 51 39 8 75 69 72 24 28 25 48 50 55 41 23 64 24 13 7 34 12 13 74 77 36 19 8 29 16 79 52 27 26 60 2 51 29 8 71 41 9 19 19 24 20 56 19 67 8 70 66 32 37 51 59 14 21 28 5 79 67 35 71 1000000 54 43 30 34 60 38 66 19 27 31 74 76 46 62 52 30 33 8 61 62 30 64 66 3 47 80 65 6
12 3 47 9 74 28 5 35 40 62 15 5 56 25 13 78 43 21 53 62 15 80 32 62 4 50 36 11 2 46 11 34 48 16 35 6 26 73 21 75 74 59 67 77 33 57 28 17 9 8 25 74 72 78 50 32 55 77 69 71 31 54 42 78 39 28 79 2 65 31 2 22 79 11 76 39 26 69 18 80 49 76 3 73 79 47 80 78 4 13 75 68 3 38 44 44 39 31 6 41 39 71 51 39 11 67 49 35 38 29 63 38 67 3 53 26 13 49 78 57 47 52 20 1000000 39 3 68 68 52 45 12 44 28 46 17 19 59 17 71 44 16 69 21 33 62 41 65 61 25 66 79
3 15 8 50 31 62 12 2 35 11 12 47 68 42 73 13 51 3 79 49 13 27 59 45 53 32 14 56 26 51 18 75 78 21 53 71 53 74 52 29 33 18 37 39 22 52 4 31 73 33 29 44 15 32 75 55 26 56 19 50 12 76 60 69 77 56 32 31 58 46 80 70 72 10 32 38 20 62 67 25 75 45 4 27 59 19 67 66 49 60 24 43 16 23 26 32 13 19 69 47 45 43 76 55 39 19 54 20 23 38 80 40 75 69 52 3 55 27 6 61 55 25 55 2 1000000 62 70 15 24 43 2 48 52 64 40 12 49 47 26 18 71 14 37 27 52 50 8 10 44 43 45
58 51 37 43 64 52 32 32 68 19 12 20 80 72 2 31 37 3 41 17 27 70 57 41 58 23 76 48 33 63 45 3 53 54 6 9 34 5 54 46 24 63 43 62 74 47 32 64 55 4 2 35 30 75 67 29 55 31 28 44 43 59 21 43 78 46 6 75 36 39 48 40 30 28 78 60 53 77 20 25 57 42 6 22 21 13 60 27 29 67 56 26 13 11 72 6 54 10 21 69 39 66 78 46 14 37 38 4 15 51 30 57 24 48 45 28 18 57 35 36 21 42 75 24 14 1000000 68 7 74 40 4 32 77 44 25 16 30 46 73 5 8 6 3 12 32 11 57 45 14 78 61
43 40 41 32 11 57 21 60 25 26 57 4 67 17 56 23 52 23 26 3 27 52 15 46 54 8 10 73 71 62 68 51 2 43 59 26 36 9 37 42 21 12 25 25 10 46 70 80 75 54 57 6 24 51 55 57 43 29 58 40 20 39 46 8 56 49 23 69 34 73 51 22 8 40 32 2 27 58 44 56 28 27 25 32 76 63 68 33 7 2 30 7 43 51 56 48 19 67 61 11 56 45 20 3 48 67 15 73 42 74 39 11 22 32 64 45 10 28 80 26 22 55 41 56 8 42 1000000 61 2 7 63 47 53 76 73 31 14 77 34 42 60 8 19 66 33 15 43 17 44 12 60
29 20 24 21 71 61 14 73 79 22 23 64 30 80 16 14 73 16 25 29 46 80 59 13 45 59 76 77 33 30 2 77 47 31 51 44 47 11 12 54 15 40 76 80 62 79 16 39 14 26 70 36 51 63 78 59 24 51 62 60 55 50 27 69 47 51 24 65 36 62 74 51 44 3 44 7 79 66 75 64 69 7 47 33 59 17 57 78 10 61 73 23 54 51 64 7 44 8 8 58 6 78 30 10 37 75 77 6 35 34 38 67 64 10 4 41 78 32 67 40 49 66 66 41 22 72 68 1000000 66 54 5 2 71 62 12 49 9 41 28 79 44 72 57 52 9 78 55 40 61 66 48
30 52 22 13 6 52 37 48 35 13 58 50 5 42 59 10 51 43 3 5 3 43 22 22 67 19 35 56 31 36 61 35 56 15 57 46 68 24 25 7 51 61 5 72 43 35 76 42 67 47 80 64 73 48 77 64 2 2 10 24 33 58 55 8 40 64 3 71 21 80 16 55 3 48 61 51 8 79 76 14 33 32 46 13 35 49 71 59 37 69 49 50 50 35 2 33 47 28 43 68 6 34 66 42 42 24 21 22 30 62 30 28 62 32 37 36 23 73 10 49 19 19 37 33 63 18 28 8 1000000 53 72 34 60 66 18 7 17 16 46 43 45 71 38 66 42 65 30 74 7 30 54
25 48 10 24 63 14 34 44 24 46 46 37 35 12 24 57 3 42 61 66 3 57 8 50 77 10 37 80 19 9 27 62 67 3 54 80 63 12 50 58 54 40 58 42 34 53 72 64 11 40 68 42 55 48 25 45 36 24 62 63 72 30 6 35 51 68 44 79 55 44 79 25 76 71 7 60 11 26 55 68 11 44 15 24 49 17 21 75 6 36 57 58 16 18 61 35 9 66 8 42 73 45 21 80 60 37 70 19 70 21 56 58 17 66 23 78 67 37 68 41 47 63 24 80 25 54 68 23 16 1000000 74 49 48 57 73 8 4 39 24 62 74 66 30 78 78 65 48 67 77 57 65
42 61 29 44 74 53 69 32 57 60 59 30 71 8 20 13 51 70 44 69 13 4 49 58 6 35 56 73 38 4 53 68 35 49 8 15 3 18 75 47 58 50 64 17 77 59 71 70 43 51 46 66 62 18 63 68 45 74 65 28 22 57 63 66 25 13 65 9 42 57 54 52 37 23 53 18 71 25 6 76 60 42 17 35 4 36 19 40 40 47 43 10 80 32 15 75 23 16 78 59 34 41 50 77 65 56 23 32 53 10 61 37 48 72 23 26 45 61 47 39 28 24 22 57 37 45 47 16 77 7 1000000 78 41 47 47 36 30 58 16 69 53 76 56 49 60 6 8 49 49 24 60
30 58 3 46 60 75 43 51 52 65 31 68 29 36 15 69 76 75 70 22 70 5 49 26 71 66 11 75 24 57 22 65 78 19 53 14 12 67 22 65 60 44 7 14 53 45 53 14 50 9 66 61 63 22 21 16 5 41 15 69 9 41 63 43 75 4 7 29 31 32 80 57 50 68 68 5 54 24 67 58 11 37 55 61 27 4 4 13 25 70 23 67 6 73 6 17 68 69 74 20 6 44 60 22 64 68 39 55 26 29 55 29 10 10 65 35 78 73 39 34 55 20 51 39 74 33 20 55 35 60 39 1000000 23 5 6 30 19 17 4 63 76 80 26 65 18 78 33 50 44 64 27
8 19 62 33 9 32 29 31 50 66 24 61 7 9 50 62 9 43 30 12 22 47 63 11 43 80 43 30 2 55 12 60 75 12 65 5 34 10 80 29 75 43 31 22 9 41 35 7 25 48 39 59 62 19 31 6 59 68 7 67 80 33 80 45 19 11 12 66 52 14 59 32 27 45 53 70 73 37 44 77 38 50 51 10 39 74 64 38 28 45 67 38 52 42 49 3 14 77 75 67 25 71 15 58 74 10 37 66 39 23 45 27 16 42 27 80 11 34 71 52 52 30 7 29 15 9 10 68 22 74 75 78 1000000 52 25 45 32 14 69 50 71 42 39 26 3 6 63 9 9 55 5
57 69 38 56 4 11 27 55 30 61 75 9 5 56 78 3 28 47 30 61 43 29 54 66 60 67 65 67 5 35 33 21 15 10 23 77 50 25 64 16 57 4 58 49 70 45 7 23 56 10 69 66 68 8 63 59 35 22 3 12 17 12 74 47 23 58 10 57 47 39 18 47 68 55 40 50 49 71 6 5 59 31 25 41 53 25 54 62 9 14 75 17 8 47 74 72 40 30 27 18 23 51 29 78 11 70 57 30 14 15 44 39 52 51 9 77 80 39 41 59 68 52 25 36 17 33 2 54 14 71 54 40 55 1000000 32 25 31 46 72 38 64 56 11 16 18 71 65 38 55 71 26
41 20 8 74 41 11 27 75 67 38 49 14 26 15 69 61 60 21 69 76 23 48 76 29 22 61 44 33 38 6 11 28 9 25 30 30 32 52 26 41 16 57 3 33 60 24 7 36 61 38 33 34 40 19 14 13 10 38 30 16 6 26 46 75 70 24 34 35 41 15 23 33 66 22 54 67 35 38 50 12 9 3 6 38 37 62 67 34 8 20 55 22 3 62 62 44 78 51 30 21 15 54 39 36 31 56 63 6 59 3 48 12 30 56 16 25 32 41 31 61 28 49 45 69 68 61 51 56 25 10 32 68 34 36 1000000 57 14 43 38 52 52 54 31 66 41 56 60 59 28 29 31
62 44 60 63 29 27 76 69 10 2 41 70 67 15 13 11 66 38 67 47 20 48 29 76 41 8 19 26 32 74 33 32 64 39 31 55 44 22 73 31 30 72 54 52 12 6 30 9 59 51 46 5 23 13 4 73 63 58 13 14 30 10 11 11 75 31 23 5 14 7 6 28 77 44 21 36 47 48 61 54 44 66 20 10 8 31 70 9 47 29 47 77 61 44 2 10 7 59 26 53 46 31 15 38 17 49 57 18 77 36 25 73 78 11 5 23 52 4 18 33 14 62 52 28 49 22 62 49 49 30 56 43 23 23 71 1000000 39 20 69 46 12 17 67 72 11 72 33 22 71 66 20
13 33 53 44 15 61 70 42 29 60 50 3 9 41 40 73 5 79 6 36 23 26 80 56 59 36 78 18 39 76 37 33 68 58 17 65 35 66 34 74 34 73 17 28 2 19 26 79 37 51 51 62 67 76 30 73 78 52 51 44 58 15 53 22 14 31 45 64 43 72 12 59 56 51 5 35 63 33 56 51 11 9 42 46 56 32 11 7 33 41 76 29 74 25 67 71 60 25 65 39 54 6 50 63 71 47 2 27 54 23 48 11 46 60 46 68 27 65 59 63 40 61 77 32 61 37 5 71 22 29 79 61 10 4 22 47 1000000 69 8 21 12 62 3 57 8 23 34 77 69 43 46
39 49 28 41 10 34 26 36 50 18 43 71 63 17 31 46 7 30 3 17 2 55 71 10 62 38 20 75 62 80 22 41 79 79 21 52 78 63 16 60 26 33 39 41 42 66 39 34 37 61 37 6 6 13 52 59 5 41 50 37 74 78 70 28 73 2 20 67 7 51 43 32 24 74 25 78 18 26 3 7 76 71 5 51 26 49 43 15 18 18 76 11 4 17 6 21 51 76 47 20 8 45 32 3 73 30 7 65 43 45 70 19 43 39 79 21 71 57 27 65 78 57 35 12 16 44 7 9 35 27 33 80 63 13 19 53 9 1000000 60 36 63 54 3 36 21 63 38 38 45 9 51
27 55 65 42 40 38 72 45 31 35 80 51 2 40 7 5 21 70 63 9 17 18 28 40 73 69 5 44 36 7 65 79 58 26 52 66 42 28 22 78 25 33 13 6 72 72 15 8 70 9 46 4 80 68 66 39 56 14 60 77 40 45 37 78 78 41 78 14 23 78 74 51 50 6 62 69 18 26 32 28 27 52 33 8 74 45 46 5 16 4 32 62 71 54 45 38 17 4 20 74 10 64 72 2 12 79 70 65 34 24 37 29 22 6 28 76 26 47 63 23 77 19 78 17 41 5 66 55 4 77 26 66 43 25 49 44 77 32 1000000 28 59 78 66 32 78 77 79 47 48 61 63
65 68 7 72 30 75 42 50 40 65 46 74 9 45 55 20 74 79 61 5 48 9 3 69 25 27 80 8 51 30 10 33 25 70 40 7 12 58 30 22 9 49 51 58 63 14 61 17 6 50 7 32 78 55 22 65 43 57 53 6 29 63 52 55 75 65 33 64 19 58 21 51 16 26 70 26 39 16 2 75 24 54 71 61 46 54 34 18 41 73 17 78 10 18 57 31 26 11 25 15 17 48 2 79 58 67 62 16 51 26 21 64 12 9 31 72 34 63 21 13 6 44 45 40 60 22 49 44 47 62 12 5 43 68 73 3 24 55 21 1000000 62 54 48 46 6 49 67 29 41 75 43
2 63 3 73 13 41 7 77 2 39 31 77 6 19 11 23 41 10 22 24 63 33 24 9 27 19 72 58 10 25 28 19 52 61 28 7 78 55 30 78 34 33 49 26 6 21 43 25 67 9 70 45 3 72 21 34 23 63 45 73 42 33 77 27 56 76 11 36 38 74 75 54 77 5 39 37 54 75 50 70 51 43 79 77 14 35 13 41 66 7 52 12 70 28 41 43 25 7 44 9 26 61 55 7 7 59 16 70 70 71 36 39 62 43 43 44 79 56 77 34 58 4 64 54 13 50 20 74 46 46 31 25 54 31 65 64 11 66 25 79 1000000 56 54 4 16 25 80 28 15 15 33
20 68 3 25 44 79 69 22 79 59 49 10 60 21 13 5 16 52 13 32 18 4 27 64 26 16 39 38 21 79 17 55 24 4 5 64 31 23 46 55 37 56 24 19 32 67 58 23 51 18 28 15 10 28 55 44 32 47 8 24 60 45 23 18 50 34 65 69 45 27 61 38 72 10 79 29 36 21 41 51 66 48 75 20 51 34 11 55 34 26 32 49 41 76 69 35 5 33 38 50 34 50 69 48 32 43 33 76 78 48 39 57 65 58 11 19 47 30 24 28 39 69 42 18 40 26 35 23 14 74 9 3 67 55 49 12 12 7 34 58 55 1000000 58 47 37 78 25 21 8 9 4
63 71 47 6 25 45 2 74 70 18 37 40 78 23 8 36 20 76 43 9 57 54 73 5 5 41 72 10 28 15 7 75 52 16 6 5 4 41 61 72 48 4 13 8 31 32 59 49 26 18 13 60 56 38 11 66 47 58 66 13 23 46 31 29 31 19 21 8 8 69 6 22 58 52 24 15 47 30 60 69 60 35 19 8 31 51 8 75 24 56 23 76 74 42 19 60 2 52 46 3 23 47 19 26 32 40 24 12 31 10 78 18 76 11 46 75 47 69 19 75 43 24 29 46 17 71 5 68 28 20 5 31 46 42 25 44 26 25 43 18 44 52 1000000 29 11 54 22 59 40 66 52
74 28 70 80 62 62 55 30 17 48 20 31 79 33 74 26 74 10 34 54 34 2 25 13 34 76 42 31 57 57 41 17 34 48 48 16 47 66 65 56 37 13 11 79 4 55 20 60 10 64 57 46 42 12 66 77 49 42 77 24 12 18 12 38 2 57 8 46 44 42 58 61 7 19 71 21 18 58 15 47 7 17 34 27 45 47 34 53 6 52 8 25 5 57 48 20 30 64 32 72 79 62 36 59 23 75 22 3 29 78 34 52 29 51 50 22 27 66 27 71 24 61 26 16 51 8 5 45 65 34 71 15 30 26 11 68 8 7 12 79 5 9 57 1000000 55 41 10 38 38 24 38
66 78 52 77 64 71 45 44 47 29 73 48 64 38 65 77 33 14 6 37 71 39 7 50 29 15 69 35 15 39 80 31 68 3 40 34 18 31 19 69 29 41 79 9 58 36 69 32 61 71 33 58 36 48 77 51 78 74 17 19 29 6 59 54 58 70 34 7 5 30 35 26 19 39 75 50 35 51 49 57 58 23 9 75 80 6 36 75 57 46 62 32 16 71 30 25 76 9 8 60 40 38 40 16 54 15 51 38 36 2 66 51 61 15 31 42 42 12 65 65 53 23 28 74 78 71 61 18 33 74 34 60 30 51 34 30 68 64 3 55 49 6 45 53 1000000 4 49 75 79 80 21
25 44 63 43 7 73 37 76 71 26 47 79 48 15 55 25 32 34 27 18 53 41 17 62 79 22 67 77 12 39 49 9 7 80 25 66 27 65 51 11 56 53 37 72 7 14 61 41 63 46 8 2 8 7 50 34 59 71 20 13 72 36 62 26 63 22 7 21 43 20 38 36 32 71 72 7 15 48 63 60 51 41 22 53 34 6 44 18 47 34 64 24 48 60 62 59 10 28 35 25 80 78 48 8 63 73 4 54 63 71 3 12 73 37 47 49 21 65 31 72 34 56 38 6 33 9 42 50 62 20 53 18 61 37 76 2 71 73 56 14 40 50 70 20 31 1000000 38 77 61 40 38
48 75 27 56 56 55 51 24 23 4 46 59 21 61 45 7 22 62 38 68 23 34 61 72 3 8 3 44 19 13 41 50 26 2 43 12 67 47 43 10 18 52 59 41 67 56 28 19 78 20 73 25 24 15 10 3 30 72 39 17 30 67 47 19 9 7 10 52 28 18 29 68 36 28 51 67 73 29 21 55 39 72 59 7 21 76 4 36 66 52 65 15 21 71 31 33 32 73 50 58 19 71 35 57 59 47 52 69 77 25 7 50 25 71 18 37 11 51 79 52 72 75 36 68 53 43 68 67 60 66 74 35 48 41 22 48 5 34 4 46 28 75 59 8 7 4 1000000 79 33 3 7
62 66 17 16 47 71 16 62 5 21 15 9 11 15 74 3 61 40 5 33 61 56 33 42 7 69 77 7 60 7 77 64 15 30 29 69 3 39 56 73 64 76 45 10 75 5 22 12 56 73 70 11 37 62 42 20 54 67 31 79 79 68 48 47 57 38 55 37 14 76 47 55 53 70 31 73 44 61 54 47 26 69 64 20 14 55 67 45 69 2 38 2 16 70 56 39 19 75 32 62 79 14 13 69 7 31 49 75 53 32 20 80 35 27 5 73 10 28 23 8 80 32 44 10 28 48 70 28 4 63 19 25 39 33 62 43 27 49 11 71 43 11 67 50 70 15 16 1000000 79 32 13
15 48 73 67 11 51 19 49 30 26 74 69 33 62 68 78 38 63 38 2 37 40 60 70 13 65 64 35 36 41 4 57 56 23 54 41 12 68 47 9 32 70 6 78 39 52 41 49 58 72 56 69 4 70 56 57 25 61 78 28 71 17 72 34 38 10 63 54 75 34 55 41 64 3 66 13 34 78 68 25 59 79 13 6 29 38 14 80 58 26 57 53 74 36 38 39 53 66 59 7 47 46 11 8 11 38 6 55 68 24 53 48 55 26 75 32 2 32 40 55 52 45 49 74 78 16 60 19 54 16 35 38 22 41 35 21 26 34 50 2 28 77 68 66 7 32 53 29 1000000 19 72
22 15 58 21 28 54 7 54 42 35 6 43 53 36 50 22 2 40 21 7 73 57 54 63 73 66 22 66 38 45 66 29 46 57 43 71 51 3 9 60 35 48 33 75 3 33 52 49 20 62 64 62 51 75 7 13 69 45 16 15 11 9 74 75 29 63 14 7 31 50 37 42 73 56 4 52 23 46 41 18 43 77 15 80 20 58 33 28 22 49 16 32 28 27 62 18 59 75 77 51 9 4 32 28 13 39 52 48 34 17 11 38 60 35 9 12 49 62 32 13 65 12 49 46 28 79 18 54 56 52 22 58 52 35 3 36 53 57 53 2 43 67 58 13 12 33 29 44 12 1000000 78
12 48 44 2 49 57 55 24 19 65 16 40 32 18 55 67 49 62 38 14 40 70 56 25 80 40 70 77 43 80 32 32 43 28 39 15 40 43 33 54 10 41 66 43 40 55 75 45 11 14 24 46 53 25 68 40 39 37 49 33 68 12 38 27 3 51 12 45 27 2 38 12 24 43 69 61 44 26 62 9 27 73 59 71 53 33 70 55 67 22 56 50 14 50 64 71 9 41 3 54 79 32 59 21 21 75 13 15 65 33 78 21 55 79 56 73 67 38 23 19 42 35 58 13 72 42 59 34 2 74 73 18 3 45 31 46 70 59 24 4 53 14 25 73 50 61 61 40 38 74 1000000
