150 45 103 220 9
3 3 4 2 3 4 3 4 4 4 5 2 4 3 4 3 1 3 2 3 6 1 6 3 2 4 3 3 3 2 3 3 3 2 6 6 5 3 3 3 5 2 4 1 4 
3 3 3 1 1 4 2 4 1 1 2 2 3 2 2 2 1 2 1 2 4 1 6 1 1 4 1 2 2 2 2 2 3 1 1 2 5 2 3 3 3 2 3 1 4 
30 29 29 29 28 28 27 26 25 25 25 25 25 24 24 23 22 22 22 21 21 21 19 19 18 18 17 17 16 16 14 13 13 12 11 11 10 9 9 8 7 7 6 6 5 
1000000 25 33 19 56 76 82 84 83 24 33 62 37 58 88 25 23 82 34 76 87 76 7 76 46 41 50 47 70 88 89 82 52 22 19 23 47 62 70 40 89 55 63 78 31 33 63 76 40 15 76 42 46 48 17 20 86 73 57 88 8 67 36 50 8 60 58 58 12 14 32 34 74 52 69 5 86 82 33 58 29 51 75 46 52 92 45 89 16 56 80 46 95 57 48 77 85 82 51 99 82 22 40 10 59 45 84 36 54 33 17 45 3 75 39 89 42 59 74 52 35 66 23 57 50 46 47 84 39 40 36 79 34 65 89 65 44 93 56 50 28 63 84 85 81 75 68 45 67 84 69
25 1000000 10 21 59 67 79 85 80 14 55 60 62 72 88 21 23 80 47 65 83 65 19 60 46 17 27 55 53 70 94 71 41 4 34 38 26 77 67 42 75 67 69 64 36 16 72 55 16 39 70 62 25 68 16 45 64 68 40 87 31 75 38 68 25 63 54 72 21 16 35 23 69 47 53 26 73 66 34 39 12 72 75 52 76 91 49 69 24 32 62 44 96 55 40 81 70 69 31 102 71 4 28 15 55 32 82 54 43 16 31 60 27 79 55 81 28 75 70 36 58 49 3 63 49 27 26 81 28 20 56 87 17 42 80 48 41 96 36 54 26 62 62 70 61 63 71 20 78 75 75
33 10 1000000 31 68 74 87 93 88 24 64 68 70 82 97 31 34 88 57 71 90 71 28 64 56 9 26 65 57 72 104 77 47 14 45 48 16 87 75 52 79 78 79 68 46 8 82 56 17 47 77 72 15 78 19 53 63 76 44 95 38 85 48 78 34 73 63 83 31 21 45 16 77 56 57 35 78 69 44 42 7 82 84 62 85 99 59 70 34 28 64 52 105 64 48 91 74 75 34 111 76 12 35 23 63 38 91 64 50 8 41 70 36 89 65 88 19 85 78 41 67 52 11 73 58 17 15 89 21 9 66 97 24 41 87 51 50 105 39 64 36 71 62 74 63 68 80 13 88 82 85
19 21 31 1000000 41 57 65 68 66 9 37 45 47 51 72 6 4 65 26 57 69 57 13 57 29 37 37 35 51 70 76 63 33 17 15 18 47 56 52 24 70 47 50 59 16 35 52 59 29 25 58 43 46 48 26 35 70 55 39 71 27 55 20 48 13 45 40 52 7 23 16 41 56 34 50 16 67 63 16 40 31 53 58 33 60 75 30 72 5 45 62 28 79 40 29 63 66 63 34 84 63 20 22 15 41 27 67 34 35 35 12 39 18 61 35 70 47 55 56 34 41 48 21 43 33 48 46 66 46 40 37 67 19 50 70 47 26 79 40 35 9 46 68 66 64 56 53 38 58 65 56
56 59 68 41 1000000 33 29 28 29 44 48 13 61 28 32 38 37 27 27 37 34 36 53 48 13 71 60 13 48 65 35 42 32 56 38 36 83 33 18 17 53 23 13 47 25 74 19 63 58 52 29 43 82 42 66 62 75 23 45 33 63 20 21 39 49 5 15 31 46 63 25 81 24 18 45 51 49 54 25 49 70 48 19 11 67 36 11 70 41 69 57 17 39 10 26 23 51 44 49 43 42 59 37 56 16 37 28 35 30 74 40 29 54 21 32 40 87 38 22 42 52 48 60 8 11 86 83 30 86 78 41 29 47 66 41 47 19 38 51 7 33 11 72 53 63 40 12 70 27 39 17
76 67 74 57 33 1000000 19 32 22 56 78 20 92 61 34 52 53 24 56 6 20 5 71 22 33 73 54 45 26 36 49 8 27 66 63 62 85 65 17 39 20 56 42 18 48 81 49 41 59 78 7 76 84 75 80 88 51 13 33 28 84 49 42 72 69 33 21 64 64 78 46 89 12 25 23 72 16 25 44 36 79 81 27 41 99 32 39 42 60 61 31 31 42 24 29 41 20 11 42 49 9 69 40 72 19 36 27 66 24 82 63 62 75 41 63 14 93 71 15 33 83 29 70 41 30 89 85 22 95 82 72 52 51 51 13 29 33 45 40 38 49 23 48 22 37 11 32 70 57 8 42
82 79 87 65 29 19 1000000 14 3 66 77 20 90 52 16 60 61 6 56 25 4 24 78 40 36 87 71 42 45 54 31 25 40 77 66 64 99 56 12 42 36 48 32 37 52 94 39 60 73 81 12 72 99 69 90 91 69 11 50 9 90 38 47 66 75 27 25 55 71 87 50 101 10 32 41 78 32 43 49 53 90 75 13 40 95 13 39 60 66 78 49 37 23 25 39 26 37 29 58 30 26 80 52 80 24 49 8 64 38 94 67 57 81 27 60 14 106 63 9 49 81 47 81 34 32 103 99 3 107 95 69 36 63 69 17 47 39 26 57 36 56 20 66 39 56 29 21 85 45 17 30
84 85 93 68 28 32 14 1000000 11 71 73 25 86 44 4 65 64 8 53 39 16 37 80 54 39 95 80 39 57 68 17 39 49 82 66 64 107 47 19 44 50 41 25 50 53 100 31 72 81 80 25 66 106 63 94 89 83 21 61 8 91 28 49 59 76 24 31 47 73 91 52 107 21 38 54 79 46 57 52 64 96 68 10 38 88 10 39 74 69 88 62 41 12 29 46 14 51 42 67 18 40 85 59 83 31 57 6 60 47 100 68 52 82 16 56 28 112 54 18 59 77 59 86 30 36 110 107 11 113 102 65 24 70 81 30 59 44 13 68 34 60 23 80 53 69 43 16 93 35 31 20
83 80 88 66 29 22 3 11 1000000 67 76 21 89 50 12 61 61 3 55 28 6 27 78 43 37 89 73 41 47 57 28 28 42 78 66 64 101 54 13 42 39 47 30 40 52 95 38 62 75 80 15 71 100 68 91 91 72 12 52 7 90 36 47 64 75 26 26 54 72 88 51 103 12 33 44 78 35 46 50 56 92 74 11 39 93 11 39 63 67 80 52 37 20 26 41 23 40 32 60 27 29 81 53 81 25 51 5 63 40 95 67 56 81 24 59 17 108 61 10 51 80 50 82 33 33 105 101 1 108 97 68 34 65 72 19 50 40 24 59 35 57 20 69 42 59 32 20 87 43 20 27
24 14 24 9 44 56 66 71 67 1000000 46 46 55 58 74 6 10 66 34 55 70 54 17 53 32 29 29 41 46 65 80 61 30 12 24 27 40 63 54 28 66 54 55 55 22 30 57 52 20 33 57 52 39 56 25 42 63 55 33 73 32 61 24 56 19 49 41 59 13 22 21 36 57 34 46 22 64 58 20 34 26 61 61 38 69 77 35 66 13 36 56 30 82 41 27 67 62 60 27 87 60 15 17 17 42 22 69 42 32 30 20 47 24 65 43 69 42 63 57 29 50 43 16 48 35 42 39 68 42 34 45 72 11 42 69 41 27 82 32 40 12 48 61 62 57 53 57 30 64 64 61
33 55 64 37 48 78 77 73 76 46 1000000 59 14 34 76 42 38 74 22 81 81 79 36 86 45 71 74 35 82 102 72 86 63 51 22 20 79 36 65 40 96 34 48 87 33 66 43 93 66 18 75 11 78 18 49 22 105 70 72 79 33 47 37 21 30 50 57 32 34 46 36 67 71 54 80 29 92 92 38 75 61 19 65 37 24 82 39 105 32 82 93 49 81 54 55 61 93 87 70 83 86 52 55 41 59 60 75 13 63 65 25 22 30 59 17 87 75 30 70 68 5 80 53 43 48 78 79 77 71 72 8 59 56 87 88 79 48 78 75 41 40 58 102 94 96 81 57 74 45 85 53
62 60 68 45 13 20 20 25 21 46 59 1000000 73 41 29 41 41 20 37 24 24 23 58 36 16 69 55 25 37 53 38 28 25 58 46 45 82 46 8 22 40 36 23 34 32 75 30 53 56 61 16 56 81 55 70 72 64 11 37 27 70 31 27 52 55 14 6 44 51 67 30 82 13 12 34 58 36 41 29 41 71 61 16 22 79 31 20 58 46 63 45 17 37 6 21 27 39 31 43 43 29 61 34 60 5 32 23 47 22 75 47 42 61 26 44 28 87 51 12 34 64 38 61 21 12 85 81 22 88 77 53 37 45 58 29 38 19 38 44 18 36 4 61 40 51 27 16 68 38 26 25
37 62 70 47 61 92 90 86 89 55 14 73 1000000 45 89 53 48 87 36 94 95 93 42 99 58 78 84 49 95 114 84 99 75 58 33 32 84 46 79 53 109 46 61 100 46 70 56 105 75 23 89 21 83 26 53 19 116 84 84 93 34 60 51 30 37 64 71 43 42 50 48 70 85 68 93 35 106 105 51 86 66 24 79 51 16 96 53 117 42 91 105 62 94 68 68 74 106 101 81 96 100 59 67 47 72 72 88 27 76 69 35 35 34 72 30 101 78 39 84 79 10 93 60 57 62 83 84 90 74 77 21 71 66 97 102 91 61 91 86 55 51 71 114 107 109 95 71 81 56 99 66
58 72 82 51 28 61 52 44 50 58 34 41 45 1000000 46 52 49 47 25 66 56 64 58 76 35 87 82 20 76 93 39 69 58 68 39 36 98 6 44 34 81 5 20 75 36 86 13 90 77 48 56 25 97 20 73 55 102 49 71 51 62 16 37 16 52 28 43 3 52 70 38 90 51 44 72 53 77 82 40 74 81 25 39 24 45 53 28 97 48 90 85 41 50 38 50 30 80 72 72 51 70 71 58 63 44 60 47 23 57 86 43 13 55 28 20 65 98 11 48 66 36 75 71 20 37 99 97 51 95 91 26 26 65 90 67 74 42 46 75 26 47 38 99 81 90 68 31 88 11 65 23
88 88 97 72 32 34 16 4 12 74 76 29 89 46 1000000 68 68 10 57 41 16 39 84 56 42 98 83 42 60 70 16 40 53 86 69 67 110 49 22 48 51 44 28 52 57 104 34 75 84 83 27 69 110 65 97 93 85 24 64 7 94 31 52 62 80 27 34 50 77 94 56 111 23 41 56 83 48 59 55 67 100 71 14 42 91 7 42 76 72 91 65 45 8 33 50 16 53 44 70 15 41 89 63 87 34 61 8 63 50 104 71 55 85 18 59 28 116 56 21 62 80 62 90 33 39 114 110 13 116 106 68 25 74 84 31 62 47 11 71 38 63 26 82 55 71 45 19 96 37 32 23
25 21 31 6 38 52 60 65 61 6 42 41 53 52 68 1000000 4 61 29 51 64 51 19 51 26 35 32 34 45 64 74 57 27 18 20 23 46 57 48 22 64 48 49 53 16 36 51 53 25 32 53 47 45 51 30 42 64 50 33 67 33 54 17 51 19 43 35 53 13 27 15 42 52 29 44 22 61 57 14 34 32 56 55 32 66 72 29 65 11 40 55 24 76 36 23 61 59 57 28 81 57 21 15 20 36 20 63 37 29 36 17 42 25 59 37 65 49 57 52 28 46 42 22 42 29 48 46 62 48 40 41 66 14 45 64 40 22 76 33 34 6 42 61 60 57 50 51 36 58 60 54
23 23 34 4 37 53 61 64 61 10 38 41 48 49 68 4 1000000 61 25 53 65 53 17 54 25 38 37 32 48 68 72 59 30 20 16 18 49 54 48 20 66 44 47 56 13 39 48 57 29 28 54 43 48 47 30 38 68 51 36 67 31 52 16 47 16 41 36 49 11 27 12 44 52 29 47 19 64 60 12 38 34 52 54 29 61 71 27 69 7 45 59 24 75 35 25 59 62 59 32 80 59 23 19 20 37 24 63 33 31 38 13 38 22 57 33 66 51 53 52 32 42 45 24 40 29 51 49 62 50 43 36 64 18 49 66 44 22 75 37 32 5 42 66 63 61 52 49 40 55 61 52
82 80 88 65 27 24 6 8 3 66 74 20 87 47 10 61 61 1000000 53 31 9 29 78 46 36 89 74 39 49 60 25 30 43 78 64 63 102 51 13 41 42 44 28 42 51 95 35 65 75 79 17 68 101 65 90 89 75 14 54 7 89 32 46 62 74 24 26 51 71 88 50 103 13 33 46 77 38 49 49 57 92 71 9 37 91 11 37 66 66 81 55 37 18 25 41 20 43 34 61 25 31 81 54 80 25 52 3 61 40 95 66 53 80 21 57 20 108 58 11 52 78 52 82 31 32 105 101 4 108 97 66 30 65 74 23 52 39 21 61 33 56 19 72 45 61 35 17 87 40 23 24
34 47 57 26 27 56 56 53 55 34 22 37 36 25 57 29 25 53 1000000 59 60 58 33 65 23 63 60 14 62 81 56 64 42 44 15 12 73 30 44 18 74 21 30 66 14 61 28 74 54 27 54 21 72 24 48 36 86 48 54 59 39 32 17 23 28 30 35 25 28 45 17 65 50 33 60 29 71 72 19 56 57 30 45 16 44 62 17 85 23 68 72 27 63 32 35 44 71 65 53 66 64 46 38 38 37 41 54 11 42 61 18 13 31 42 9 66 73 29 48 49 26 61 47 24 27 74 73 56 71 66 16 45 42 71 66 59 27 61 57 20 24 36 83 72 76 60 37 64 33 63 36
76 65 71 57 37 6 25 39 28 55 81 24 94 66 41 51 53 31 59 1000000 26 2 70 15 36 69 50 49 20 30 55 6 25 64 64 64 81 70 23 41 16 61 47 12 49 79 55 35 55 79 14 79 81 79 79 89 44 19 29 35 84 54 44 76 69 38 24 69 64 77 47 87 18 26 17 72 12 18 45 31 76 85 33 45 102 38 42 35 60 56 24 32 48 28 29 47 14 7 38 55 6 67 38 71 22 33 33 69 22 79 63 65 75 47 66 18 90 76 21 30 85 23 68 46 32 85 81 28 92 78 75 58 48 46 16 24 34 52 35 42 49 28 41 16 31 4 38 66 62 12 48
87 83 90 69 34 20 4 16 6 70 81 24 95 56 16 64 65 9 60 26 1000000 25 82 41 41 90 73 46 46 54 32 25 44 81 70 69 103 60 17 46 35 52 36 37 56 98 43 61 76 85 14 76 102 74 94 95 70 14 52 9 94 41 51 70 79 31 29 59 75 91 55 105 13 36 43 82 32 43 53 56 94 80 17 44 99 12 44 60 71 80 50 41 23 30 43 29 37 29 60 30 26 84 55 84 28 52 10 68 41 98 71 61 85 30 65 12 110 67 13 52 85 49 85 39 37 106 102 5 111 99 74 39 67 71 15 49 43 27 59 40 60 24 67 39 56 30 25 88 49 17 33
76 65 71 57 36 5 24 37 27 54 79 23 93 64 39 51 53 29 58 2 25 1000000 70 17 35 69 51 48 21 31 54 7 24 64 63 63 82 69 22 40 17 59 45 13 49 79 53 36 55 78 12 78 81 78 79 89 46 17 29 33 84 53 43 75 69 37 23 67 64 77 46 87 17 25 18 72 13 20 44 32 76 84 31 44 101 37 41 37 60 57 26 31 47 27 28 46 16 8 38 54 7 67 38 71 21 33 32 68 22 79 63 64 75 45 65 18 90 74 19 30 84 24 68 44 31 86 81 27 92 79 74 56 48 47 16 25 33 50 36 40 48 26 43 17 32 6 36 66 61 11 46
7 19 28 13 53 71 78 80 78 17 36 58 42 58 84 19 17 78 33 70 82 70 1000000 69 42 36 44 45 63 82 87 76 46 16 19 22 43 63 65 36 82 55 61 72 27 30 61 69 33 19 71 45 42 51 15 27 79 68 50 84 15 65 32 52 7 57 53 58 7 12 28 32 69 47 62 7 80 75 29 51 25 54 71 44 57 88 42 82 12 50 73 41 91 52 42 74 78 76 44 96 76 16 34 5 54 39 80 37 48 29 15 45 8 72 39 84 40 60 69 46 39 60 17 54 46 43 43 79 37 36 38 77 27 58 83 58 39 91 49 47 22 59 77 78 74 69 65 39 67 79 67
76 60 64 57 48 22 40 54 43 53 86 36 99 76 56 51 54 46 65 15 41 17 69 1000000 43 61 40 58 8 17 70 17 24 60 67 68 72 82 37 47 15 71 59 5 54 72 67 20 48 81 29 86 72 87 76 92 29 33 21 50 84 67 49 85 70 50 34 79 64 74 51 80 33 33 7 73 15 6 48 22 70 94 47 54 109 53 51 21 61 45 9 38 64 38 31 61 10 14 30 70 17 63 36 69 33 30 48 76 23 72 66 74 76 61 74 32 83 86 36 24 91 12 63 57 40 77 72 43 85 70 81 72 44 33 30 13 39 67 26 51 50 40 26 10 16 11 51 57 75 26 61
46 46 56 29 13 33 36 39 37 32 45 16 58 35 42 26 25 36 23 36 41 35 42 43 1000000 59 48 15 41 60 48 41 22 44 30 29 71 41 24 6 51 30 24 43 16 62 29 55 46 45 32 44 70 44 55 56 67 27 35 42 54 31 10 42 39 17 13 38 35 52 14 69 29 10 38 41 48 49 13 39 58 51 29 11 66 46 8 63 30 57 51 6 50 11 15 35 48 42 38 55 41 47 25 45 14 26 38 33 21 62 31 31 45 33 31 44 74 44 28 31 49 40 48 19 4 73 70 37 74 65 39 42 34 55 44 39 7 50 40 10 21 17 64 50 56 37 24 58 37 41 29
41 17 9 37 71 73 87 95 89 29 71 69 78 87 98 35 38 89 63 69 90 69 36 61 59 1000000 21 69 53 66 106 75 47 20 51 55 12 92 76 56 76 82 83 65 51 14 86 51 14 55 77 79 12 84 28 61 57 76 41 96 46 89 52 85 42 76 64 88 38 29 49 22 77 57 54 43 75 65 48 39 15 88 85 66 93 100 63 65 41 21 60 55 107 66 48 94 71 72 32 112 74 19 36 31 64 38 92 70 50 14 47 76 44 92 71 87 22 91 79 39 75 49 18 76 61 16 12 89 26 10 72 100 25 34 85 48 52 107 35 67 40 72 56 70 58 66 83 5 93 80 88
50 27 26 37 60 54 71 80 73 29 74 55 84 82 83 32 37 74 60 50 73 51 44 40 48 21 1000000 62 33 46 93 55 31 28 53 55 32 87 61 48 55 77 73 45 46 34 77 30 11 62 59 80 31 84 43 70 37 60 21 80 57 80 45 83 48 64 50 83 42 42 44 42 61 44 34 50 55 44 42 19 33 89 71 58 98 84 55 44 42 8 39 43 92 53 35 82 50 52 13 98 55 30 24 41 50 23 76 69 33 34 49 73 52 80 69 68 43 88 63 22 79 28 30 67 49 37 32 73 46 31 73 89 19 15 66 27 41 93 15 58 36 59 36 49 37 47 70 16 85 62 77
47 55 65 35 13 45 42 39 41 41 35 25 49 20 42 34 32 39 14 49 46 48 45 58 15 69 62 1000000 56 75 42 53 38 52 28 25 80 26 31 15 64 15 16 57 19 70 17 70 58 41 41 31 79 30 60 50 82 36 51 45 53 20 17 27 40 16 25 22 38 56 20 75 37 25 53 42 61 64 21 54 66 36 31 4 54 48 8 78 33 70 66 21 48 21 30 30 62 55 52 52 54 54 38 49 26 40 40 22 37 70 31 17 45 28 19 53 82 28 35 46 39 56 55 10 18 82 80 42 81 74 28 33 46 70 54 55 22 47 55 7 29 23 79 64 71 51 23 69 24 51 22
70 53 57 51 48 26 45 57 47 46 82 37 95 76 60 45 48 49 62 20 46 21 63 8 41 53 33 56 1000000 19 73 24 20 53 62 64 64 81 40 44 22 70 60 12 50 64 67 16 40 76 33 83 64 85 69 86 27 36 14 54 78 68 45 83 64 50 34 78 58 67 47 73 36 32 4 67 22 12 44 14 63 91 50 52 106 58 49 22 56 37 10 36 68 38 28 64 18 21 22 74 23 56 30 62 33 25 52 73 20 65 61 72 70 63 71 38 75 85 39 17 87 4 56 57 39 69 64 48 78 63 78 73 37 26 36 6 36 71 18 50 45 41 24 17 15 16 53 49 75 31 62
88 70 72 70 65 36 54 68 57 65 102 53 114 93 70 64 68 60 81 30 54 31 82 17 60 66 46 75 19 1000000 85 30 39 70 82 83 76 98 53 63 20 88 76 18 69 79 83 16 55 95 43 103 76 104 86 106 18 49 31 63 96 83 65 101 83 67 51 96 77 85 66 88 48 50 22 86 23 12 64 31 78 110 63 70 125 66 67 6 75 47 9 54 77 55 47 77 17 26 39 84 29 73 49 81 49 44 62 92 39 80 80 90 89 77 90 43 88 103 51 36 107 22 73 73 57 81 76 57 92 76 97 88 55 33 40 24 55 81 33 68 64 57 16 15 9 26 68 62 91 38 77
89 94 104 76 35 49 31 17 28 80 72 38 84 39 16 74 72 25 56 55 32 54 87 70 48 106 93 42 73 85 1000000 56 63 91 70 67 118 40 34 52 67 38 26 67 60 110 28 89 93 82 42 63 117 58 101 91 99 37 75 23 95 24 56 54 82 31 44 42 80 98 60 116 37 50 70 84 63 73 60 79 106 63 23 43 83 22 45 91 75 101 79 52 13 41 59 13 68 59 81 12 56 94 71 91 44 70 23 59 61 110 73 50 87 15 56 44 122 48 34 73 75 75 95 33 46 121 118 28 122 113 64 13 81 96 47 75 54 8 82 40 68 35 96 70 86 59 24 105 28 48 20
82 71 77 63 42 8 25 39 28 61 86 28 99 69 40 57 59 30 64 6 25 7 76 17 41 75 55 53 24 30 56 1000000 30 70 70 69 86 74 26 46 12 64 50 13 55 84 58 37 61 84 15 84 86 83 85 95 45 21 34 34 90 57 50 80 75 42 29 72 70 83 53 93 20 32 21 78 8 19 50 36 82 90 34 50 107 37 47 36 66 61 25 38 48 33 35 49 13 4 43 54 1 73 44 77 27 39 33 74 28 85 69 70 81 49 71 15 96 80 23 35 90 28 73 50 37 91 86 28 98 84 80 59 54 50 12 28 39 51 40 46 55 31 43 15 32 8 40 71 65 8 50
52 41 47 33 32 27 40 49 42 30 63 25 75 58 53 27 30 43 42 25 44 24 46 24 22 47 31 38 20 39 63 30 1000000 40 43 44 59 63 30 25 36 52 45 26 30 55 50 32 33 57 30 64 58 66 54 68 44 30 13 49 61 52 25 64 46 36 20 60 41 52 27 63 31 15 18 49 34 30 24 17 52 72 40 33 86 53 30 42 37 38 30 17 61 23 8 52 32 30 18 67 30 43 13 47 19 9 46 53 3 55 42 53 52 50 52 41 67 66 32 10 67 18 43 40 21 63 59 43 68 55 58 60 24 34 39 17 16 63 19 32 26 29 41 33 34 23 40 44 59 35 48
22 4 14 17 56 66 77 82 78 12 51 58 58 68 86 18 20 78 44 64 81 64 16 60 44 20 28 52 53 70 91 70 40 1000000 31 35 30 73 65 40 74 64 66 63 33 18 68 56 18 35 68 59 29 64 16 42 65 66 40 84 29 72 35 65 22 61 52 69 18 15 32 25 68 45 53 23 73 66 32 39 14 68 72 49 73 89 46 70 21 34 62 41 94 53 38 79 70 69 31 99 70 3 26 12 53 31 80 50 42 18 27 56 24 77 51 80 31 72 68 36 55 49 4 60 47 31 29 79 30 23 52 84 16 43 79 48 39 94 37 51 23 60 64 70 62 62 68 23 75 74 72
19 34 45 15 38 63 66 66 66 24 22 46 33 39 69 20 16 64 15 64 70 63 19 67 30 51 53 28 62 82 70 70 43 31 1000000 4 60 44 53 24 78 36 44 68 15 48 43 72 44 15 62 28 59 33 34 26 83 57 51 71 25 47 20 34 13 42 43 39 14 30 17 51 59 38 61 14 75 73 19 53 43 37 57 28 45 74 27 84 11 60 73 32 76 41 36 58 75 70 48 80 70 33 34 24 44 39 66 19 44 47 4 26 17 55 21 74 59 41 58 47 26 60 34 37 34 61 60 67 56 53 21 60 34 65 74 58 30 75 53 31 18 46 81 75 76 64 50 53 48 70 50
23 38 48 18 36 62 64 64 64 27 20 45 32 36 67 23 18 63 12 64 69 63 22 68 29 55 55 25 64 83 67 69 44 35 4 1000000 64 40 52 23 78 33 41 69 14 51 40 74 47 16 61 25 63 30 37 27 85 56 53 69 28 44 20 30 16 40 42 36 17 34 17 55 58 38 62 17 75 74 20 55 47 34 55 26 43 72 25 85 14 63 74 32 74 40 37 55 75 70 50 77 70 36 36 27 43 40 64 16 45 51 8 23 20 53 17 73 62 38 57 48 24 61 37 35 33 64 63 65 60 57 18 57 37 67 73 60 30 72 55 29 20 45 83 76 77 64 48 56 45 70 47
47 26 16 47 83 85 99 107 101 40 79 82 84 98 110 46 49 102 73 81 103 82 43 72 71 12 32 80 64 76 118 86 59 30 60 64 1000000 103 89 67 87 93 94 76 62 14 97 60 27 62 89 88 1 93 32 66 65 89 52 108 51 100 63 94 50 88 76 98 47 34 61 18 90 69 66 50 87 76 60 50 18 97 97 77 100 112 74 74 50 29 70 67 119 78 61 106 82 84 43 125 86 28 48 38 77 50 104 79 62 15 56 86 50 104 81 99 14 101 91 52 82 60 27 88 73 6 0 102 19 7 81 112 37 43 97 59 64 120 47 79 52 85 64 81 68 78 95 15 104 93 100
62 77 87 56 33 65 56 47 54 63 36 46 46 6 49 57 54 51 30 70 60 69 63 82 41 92 87 26 81 98 40 74 63 73 44 40 103 1000000 48 40 86 11 24 80 42 91 16 95 82 51 60 26 102 20 78 57 107 54 76 54 66 18 42 16 56 32 48 4 57 74 44 95 55 50 78 57 82 87 46 79 86 24 43 30 44 56 33 103 53 96 90 47 51 43 56 32 85 77 78 52 75 75 63 67 49 66 51 26 62 91 48 17 59 31 24 69 102 8 52 72 38 81 76 25 42 104 102 55 100 96 29 26 70 95 71 80 47 47 81 31 52 43 104 86 95 73 35 93 12 70 26
70 67 75 52 18 17 12 19 13 54 65 8 79 44 22 48 48 13 44 23 17 22 65 37 24 76 61 31 40 53 34 26 30 65 53 52 89 48 1000000 30 38 39 24 34 39 82 32 55 62 68 12 61 88 60 78 79 66 5 42 20 77 32 34 56 62 17 13 47 59 75 38 90 7 20 36 65 34 41 37 45 79 66 11 28 84 24 27 58 54 69 46 24 31 13 28 24 37 29 48 37 27 68 41 68 12 39 16 53 28 82 55 47 68 24 49 22 95 55 5 40 70 41 69 25 20 92 88 14 95 84 58 35 52 62 23 41 27 32 49 24 44 8 63 39 53 27 15 74 39 21 24
40 42 52 24 17 39 42 44 42 28 40 22 53 34 48 22 20 41 18 41 46 40 36 47 6 56 48 15 44 63 52 46 25 40 24 23 67 40 30 1000000 56 29 27 47 10 58 30 57 44 39 38 39 66 41 50 50 69 33 37 48 48 33 5 39 33 21 19 36 30 47 8 64 35 15 42 36 53 53 8 40 54 47 34 11 62 52 7 67 25 56 54 9 55 17 17 39 53 47 38 60 47 43 24 40 20 26 43 29 24 58 25 28 39 37 27 50 70 42 34 32 44 43 43 21 10 69 67 43 70 62 34 45 32 56 50 42 9 55 41 12 16 23 66 54 59 42 29 55 38 47 33
89 75 79 70 53 20 36 50 39 66 96 40 109 81 51 64 66 42 74 16 35 17 82 15 51 76 55 64 22 20 67 12 36 74 78 78 87 86 38 56 1000000 76 62 11 64 87 70 31 62 93 27 94 86 94 90 103 37 33 35 44 97 69 59 92 82 54 40 84 77 88 61 95 32 41 21 85 4 12 59 37 85 101 47 60 118 47 58 26 73 59 19 47 58 44 42 61 5 9 45 65 11 77 49 83 38 44 44 84 35 87 77 81 88 61 82 24 97 91 35 38 100 27 77 61 48 92 87 39 100 85 90 71 58 47 21 28 48 62 40 57 62 43 35 6 25 14 53 72 77 19 62
55 67 78 47 23 56 48 41 47 54 34 36 46 5 44 48 44 44 21 61 52 59 55 71 30 82 77 15 70 88 38 64 52 64 36 33 93 11 39 29 76 1000000 16 70 32 82 10 84 72 46 51 26 92 22 70 54 96 45 65 48 60 14 32 18 49 23 37 8 49 66 33 87 46 39 67 50 72 77 35 68 78 28 35 19 47 51 23 92 44 85 80 36 48 33 45 28 74 67 67 50 65 66 53 59 39 55 44 22 51 82 40 12 52 26 18 61 94 15 44 61 37 70 67 15 31 95 93 47 92 87 26 26 60 85 63 69 37 45 70 20 42 33 93 76 85 63 27 83 12 61 21
63 69 79 50 13 42 32 25 30 55 48 23 61 20 28 49 47 28 30 47 36 45 61 59 24 83 73 16 60 76 26 50 45 66 44 41 94 24 24 27 62 16 1000000 57 34 85 8 75 70 57 36 41 93 38 75 66 86 30 58 32 69 8 31 34 56 9 26 24 54 72 34 91 31 30 56 58 58 64 35 61 81 44 19 17 63 35 20 81 49 81 68 29 33 22 38 14 61 53 61 36 51 69 49 65 27 49 28 35 43 85 47 26 61 12 31 45 97 31 28 54 52 60 70 7 24 96 94 31 96 89 40 17 58 78 47 60 31 31 64 15 43 19 83 63 74 50 11 82 15 46 6
78 64 68 59 47 18 37 50 40 55 87 34 100 75 52 53 56 42 66 12 37 13 72 5 43 65 45 57 12 18 67 13 26 63 68 69 76 80 34 47 11 70 57 1000000 55 76 65 24 51 83 25 86 76 87 79 93 33 30 24 46 86 65 49 84 72 48 33 78 66 77 52 84 30 33 10 75 10 7 49 26 74 93 44 53 109 49 50 24 63 49 13 38 60 37 32 59 7 9 34 66 12 66 38 72 31 33 45 76 25 76 67 74 78 58 74 28 87 85 32 27 92 16 66 55 40 81 76 40 89 74 82 69 47 37 25 17 39 63 30 50 52 38 30 7 19 8 49 61 73 21 59
31 36 46 16 25 48 52 53 52 22 33 32 46 36 57 16 13 51 14 49 56 49 27 54 16 51 46 19 50 69 60 55 30 33 15 14 62 42 39 10 64 32 34 55 1000000 51 36 61 41 30 47 35 61 38 41 40 73 43 40 57 38 39 6 37 23 30 28 38 20 38 3 57 44 23 48 26 61 60 6 43 47 43 44 17 56 61 15 72 15 55 60 17 64 26 22 47 61 56 39 69 55 36 24 31 30 28 53 24 30 51 15 26 29 45 23 60 63 42 44 35 37 48 36 27 20 63 61 53 62 56 29 51 29 57 60 46 16 63 43 20 11 32 70 61 64 50 38 51 42 56 40
33 16 8 35 74 81 94 100 95 30 66 75 70 86 104 36 39 95 61 79 98 79 30 72 62 14 34 70 64 79 110 84 55 18 48 51 14 91 82 58 87 82 85 76 51 1000000 87 64 24 48 84 74 13 80 17 52 70 83 51 102 37 90 54 81 36 79 69 86 34 20 51 9 85 63 65 36 86 77 50 50 5 84 90 68 85 106 65 78 38 35 72 59 112 71 55 97 82 82 42 117 84 16 42 25 70 46 98 67 58 1 44 74 36 95 68 96 12 89 85 49 68 60 15 78 65 13 14 96 13 7 68 102 31 48 94 59 57 112 47 70 42 77 69 81 71 76 87 19 93 89 91
63 72 82 52 19 49 39 31 38 57 43 30 56 13 34 51 48 35 28 55 43 53 61 67 29 86 77 17 67 83 28 58 50 68 43 40 97 16 32 30 70 10 8 65 36 87 1000000 82 74 54 44 36 96 32 76 63 93 37 64 39 68 4 34 28 56 17 33 16 55 73 37 92 39 36 63 57 66 72 38 67 82 37 26 20 57 41 23 88 50 86 75 35 38 29 44 18 69 61 66 40 59 71 53 65 34 55 35 31 49 87 46 22 60 16 27 53 99 23 36 60 47 67 72 11 29 99 97 38 97 91 36 17 62 84 55 66 36 35 69 19 46 27 90 70 81 57 18 86 8 53 11
76 55 56 59 63 41 60 72 62 52 93 53 105 90 75 53 57 65 74 35 61 36 69 20 55 51 30 70 16 16 89 37 32 56 72 74 60 95 55 57 31 84 75 24 61 64 82 1000000 40 85 48 96 60 98 71 94 12 52 21 69 84 83 57 96 71 66 49 92 66 71 58 72 52 46 19 74 33 20 55 19 63 104 66 66 117 73 62 14 64 31 12 49 83 53 40 79 27 33 26 89 36 59 38 67 48 34 67 85 33 64 70 85 77 78 84 52 72 99 54 26 98 15 58 71 53 65 60 63 76 60 90 89 42 17 49 16 49 86 20 64 54 57 9 25 8 30 68 46 90 45 77
40 16 17 29 58 59 73 81 75 20 66 56 75 77 84 25 29 75 54 55 76 55 33 48 46 14 11 58 40 55 93 61 33 18 44 47 27 82 62 44 62 72 70 51 41 24 74 40 1000000 52 62 72 26 76 32 60 48 62 27 81 47 77 40 76 38 63 50 78 33 32 39 33 63 43 41 40 62 52 37 26 23 81 71 54 89 86 51 54 34 17 48 41 93 52 35 81 57 58 18 99 60 19 22 30 50 24 78 62 35 25 41 67 41 79 63 73 35 82 64 25 70 36 19 64 47 31 26 75 38 23 65 87 12 26 71 34 39 94 22 55 30 59 47 57 47 52 69 12 81 66 75
15 39 47 25 52 78 81 80 80 33 18 61 23 48 83 32 28 79 27 79 85 78 19 81 45 55 62 41 76 95 82 84 57 35 15 16 62 51 68 39 93 46 57 83 30 48 54 85 52 1000000 77 29 61 35 31 11 95 72 64 85 15 58 35 37 14 56 58 47 19 28 32 49 74 53 75 12 90 87 34 66 43 37 71 42 38 89 42 97 21 68 86 47 89 56 51 70 89 85 59 93 85 36 47 24 59 52 80 25 58 47 15 34 12 68 28 89 57 46 73 59 20 73 37 51 49 61 61 81 53 55 23 71 44 75 89 72 45 88 65 46 31 61 93 90 89 79 64 58 58 85 63
76 70 77 58 29 7 12 25 15 57 75 16 89 56 27 53 54 17 54 14 14 12 71 29 32 77 59 41 33 43 42 15 30 68 62 61 89 60 12 38 27 51 36 25 47 84 44 48 62 77 1000000 72 88 71 82 87 58 6 38 22 84 43 42 68 69 28 19 59 65 80 45 92 5 24 29 72 23 32 43 42 81 77 20 38 95 25 37 49 60 66 38 30 35 21 30 34 27 18 46 42 15 72 42 73 18 39 20 63 27 85 62 58 75 34 60 13 97 66 8 38 80 35 72 36 28 93 89 15 98 85 69 45 54 57 13 35 32 38 45 34 49 18 55 29 44 18 26 74 51 10 36
42 62 72 43 43 76 72 66 71 52 11 56 21 25 69 47 43 68 21 79 76 78 45 86 44 79 80 31 83 103 63 84 64 59 28 25 88 26 61 39 94 26 41 86 35 74 36 96 72 29 72 1000000 87 7 59 32 107 66 75 73 43 39 38 10 38 45 55 22 41 55 37 76 68 53 81 38 91 93 40 77 70 10 59 34 23 76 36 106 39 88 94 48 73 51 56 54 92 85 73 75 84 60 58 50 57 62 69 11 64 74 32 15 39 52 12 84 84 19 66 70 12 82 61 37 47 87 87 71 81 81 7 51 61 91 85 81 48 70 78 38 43 54 105 93 98 80 51 81 36 82 46
46 25 15 46 82 84 99 106 100 39 78 81 83 97 110 45 48 101 72 81 102 81 42 72 70 12 31 79 64 76 117 86 58 29 59 63 1 102 88 66 86 92 93 76 61 13 96 60 26 61 88 87 1000000 92 31 65 64 88 52 107 50 99 62 93 49 87 75 97 46 33 60 17 89 69 66 49 86 76 59 50 17 96 97 77 99 111 74 74 49 29 70 66 118 77 60 105 82 83 43 124 85 27 47 37 76 50 103 78 61 14 55 85 49 103 80 98 13 100 90 51 81 60 26 87 72 6 0 101 19 6 80 111 36 43 97 59 64 119 46 78 51 84 64 81 67 78 94 15 103 92 99
48 68 78 48 42 75 69 63 68 56 18 55 26 20 65 51 47 65 24 79 74 78 51 87 44 84 84 30 85 104 58 83 66 64 33 30 93 20 60 41 94 22 38 87 38 80 32 98 76 35 71 7 92 1000000 65 39 110 65 77 70 50 35 41 4 44 43 55 17 47 62 40 82 66 54 82 44 91 93 43 80 75 6 57 34 25 72 37 107 44 92 95 49 69 51 58 50 92 85 76 70 84 66 62 56 56 65 66 14 65 80 37 14 45 48 14 82 90 13 64 72 19 84 67 35 47 93 93 69 87 86 12 46 65 94 83 82 49 66 81 37 47 53 107 94 99 81 48 86 30 81 42
17 16 19 26 66 80 90 94 91 25 49 70 53 73 97 30 30 90 48 79 94 79 15 76 55 28 43 60 69 86 101 85 54 16 34 37 32 78 78 50 90 70 75 79 41 17 76 71 32 31 82 59 31 65 1000000 34 80 80 55 97 19 80 45 66 21 71 65 73 21 3 42 18 81 58 69 21 88 81 42 55 14 68 84 58 68 101 56 85 26 47 78 53 105 65 52 88 85 84 47 110 85 13 41 11 66 46 92 52 57 17 30 60 20 86 54 94 26 74 81 52 52 65 13 69 58 30 31 92 23 25 52 92 32 58 93 63 51 104 52 61 34 72 78 85 78 77 79 33 82 89 81
20 45 53 35 62 88 91 89 91 42 22 72 19 55 93 42 38 89 36 89 95 89 27 92 56 61 70 50 86 106 91 95 68 42 26 27 66 57 79 50 103 54 66 93 40 52 63 94 60 11 87 32 65 39 34 1000000 105 82 74 95 15 67 46 42 23 66 68 53 29 32 42 51 84 64 85 20 101 98 45 76 48 39 81 52 34 98 52 107 31 76 97 57 99 66 61 79 100 95 69 102 95 42 57 30 70 62 90 32 69 51 26 42 18 77 35 100 59 51 83 70 21 83 43 60 60 64 66 92 55 59 28 79 53 84 100 82 56 97 74 56 42 71 103 100 99 89 73 65 65 96 72
86 64 63 70 75 51 69 83 72 63 105 64 116 102 85 64 68 75 86 44 70 46 79 29 67 57 37 82 27 18 99 45 44 65 83 85 65 107 66 69 37 96 86 33 73 70 93 12 48 95 58 107 64 110 80 105 1000000 62 32 79 94 94 69 108 82 77 60 104 76 80 70 78 62 58 30 85 40 27 67 30 70 116 76 78 128 82 74 12 75 36 20 61 92 65 52 90 34 41 36 99 44 67 50 77 59 45 77 97 45 71 81 97 87 89 95 60 78 110 65 37 109 26 67 83 65 70 65 72 82 66 102 100 52 23 57 28 61 96 30 76 65 68 3 32 14 40 80 51 101 54 89
73 68 76 55 23 13 11 21 12 55 70 11 84 49 24 50 51 14 48 19 14 17 68 33 27 76 60 36 36 49 37 21 30 66 57 56 89 54 5 33 33 45 30 30 43 83 37 52 62 72 6 66 88 65 80 82 62 1000000 40 19 80 37 37 62 65 22 15 53 61 77 41 91 2 21 33 68 29 37 39 43 80 71 14 32 89 24 31 54 57 67 42 27 32 16 29 29 32 24 47 39 22 70 41 70 14 39 16 57 27 83 58 52 71 28 54 17 96 60 3 39 74 38 70 30 23 92 88 13 96 85 63 39 53 60 18 38 29 34 47 29 46 12 59 34 49 22 20 74 45 16 29
57 40 44 39 45 33 50 61 52 33 72 37 84 71 64 33 36 54 54 29 52 29 50 21 35 41 21 51 14 31 75 34 13 40 51 53 52 76 42 37 35 65 58 24 40 51 64 21 27 64 38 75 52 77 55 74 32 40 1000000 59 65 65 37 76 52 49 32 73 46 54 37 60 41 28 14 55 34 26 35 4 49 83 52 46 96 63 43 33 44 28 23 30 72 36 20 64 31 32 9 78 33 43 18 49 32 13 56 64 15 52 49 65 57 63 63 47 62 79 42 5 77 10 43 53 34 57 52 53 65 50 69 73 24 21 45 8 29 74 7 45 33 41 30 30 24 26 53 37 72 40 61
88 87 95 71 33 28 9 8 7 73 79 27 93 51 7 67 67 7 59 35 9 33 84 50 42 96 80 45 54 63 23 34 49 84 71 69 108 54 20 48 44 48 32 46 57 102 39 69 81 85 22 73 107 70 97 95 79 19 59 1000000 95 36 52 66 81 29 32 55 77 94 56 109 19 39 51 83 41 52 55 63 98 76 14 43 95 4 44 69 72 87 58 43 14 32 47 22 46 38 67 21 34 88 60 87 32 58 5 66 46 102 72 58 86 23 63 21 114 62 17 58 83 57 88 36 38 111 108 6 115 104 72 32 71 79 24 57 46 18 66 39 63 25 76 48 65 39 22 93 43 26 28
8 31 38 27 63 84 90 91 90 32 33 70 34 62 94 33 31 89 39 84 94 84 15 84 54 46 57 53 78 96 95 90 61 29 25 28 51 66 77 48 97 60 69 86 38 37 68 84 47 15 84 43 50 50 19 15 94 80 65 95 1000000 72 43 52 15 67 65 61 20 17 39 36 82 60 77 12 94 90 41 66 33 52 81 53 50 99 52 97 24 63 88 54 101 64 56 83 93 90 58 105 90 28 48 17 67 53 91 39 62 36 23 49 9 81 42 97 44 61 81 61 34 74 29 63 57 49 50 91 40 44 38 84 42 72 96 73 52 100 64 56 36 70 92 93 89 83 75 50 72 92 75
67 75 85 55 20 49 38 28 36 61 47 31 60 16 31 54 52 32 32 54 41 53 65 67 31 89 80 20 68 83 24 57 52 72 47 44 100 18 32 33 69 14 8 65 39 90 4 83 77 58 43 39 99 35 80 67 94 37 65 36 72 1000000 37 31 59 17 34 19 58 76 40 96 38 38 64 61 65 72 41 69 86 40 25 23 60 38 26 88 54 88 76 37 34 30 46 15 69 60 69 36 58 75 56 69 35 57 32 35 50 90 50 26 64 13 31 51 102 26 35 62 51 68 75 13 31 102 100 36 101 94 40 13 65 86 53 67 38 31 71 22 49 27 91 70 82 57 17 89 8 52 8
36 38 48 20 21 42 47 49 47 24 37 27 51 37 52 17 16 46 17 44 51 43 32 49 10 52 45 17 45 65 56 50 25 35 20 20 63 42 34 5 59 32 31 49 6 54 34 57 40 35 42 38 62 41 45 46 69 37 37 52 43 37 1000000 39 28 26 23 38 25 42 4 60 39 18 43 31 56 55 4 39 49 47 39 14 60 56 11 68 20 54 56 12 60 21 18 44 55 50 36 65 50 38 22 35 24 25 48 28 26 54 21 28 34 41 26 54 66 43 38 32 42 44 39 25 14 65 63 48 65 57 33 49 28 54 54 42 10 59 40 16 12 27 66 56 59 44 34 52 41 50 37
50 68 78 48 39 72 66 59 64 56 21 52 30 16 62 51 47 62 23 76 70 75 52 85 42 85 83 27 83 101 54 80 64 65 34 30 94 16 56 39 92 18 34 84 37 81 28 96 76 37 68 10 93 4 66 42 108 62 76 66 52 31 39 1000000 45 40 52 13 47 63 39 84 63 52 80 46 88 91 42 78 77 10 53 31 29 68 34 105 44 91 93 47 65 48 56 46 90 82 75 66 81 66 60 57 54 64 62 15 63 81 38 11 47 44 14 78 92 9 61 71 22 82 67 32 45 94 93 65 89 87 14 42 65 93 80 81 47 62 79 34 47 49 105 91 97 78 45 86 26 78 38
8 25 34 13 49 69 75 76 75 19 30 55 37 52 80 19 16 74 28 69 79 69 7 70 39 42 48 40 64 83 82 75 46 22 13 16 50 56 62 33 82 49 56 72 23 36 56 71 38 14 69 38 49 44 21 23 82 65 52 81 15 59 28 45 1000000 53 50 52 6 18 25 39 67 45 63 3 80 76 26 53 32 48 67 39 51 84 38 84 9 54 74 39 87 49 41 69 78 75 46 91 75 22 34 12 52 40 76 31 48 36 9 39 6 67 33 82 46 53 66 47 33 61 23 49 43 49 49 76 44 43 32 72 30 62 81 59 37 86 52 42 21 56 80 79 76 69 61 45 61 77 62
60 63 73 45 5 33 27 24 26 49 50 14 64 28 27 43 41 24 30 38 31 37 57 50 17 76 64 16 50 67 31 42 36 61 42 40 88 32 17 21 54 23 9 48 30 79 17 66 63 56 28 45 87 43 71 66 77 22 49 29 67 17 26 40 53 1000000 17 31 50 68 29 85 23 21 47 55 50 55 29 52 75 49 15 14 68 33 15 71 45 73 59 21 34 13 30 18 52 44 53 39 42 64 41 61 18 41 25 37 34 79 44 30 58 16 34 39 91 38 21 45 54 51 65 8 15 90 87 27 91 82 43 25 51 69 40 50 24 33 55 11 38 10 74 54 65 41 8 75 24 38 13
58 54 63 40 15 21 25 31 26 41 57 6 71 43 34 35 36 26 35 24 29 23 53 34 13 64 50 25 34 51 44 29 20 52 43 42 76 48 13 19 40 37 26 33 28 69 33 49 50 58 19 55 75 55 65 68 60 15 32 32 65 34 23 52 50 17 1000000 46 46 62 26 77 16 7 30 53 36 39 24 36 66 61 21 21 78 37 19 55 42 58 42 12 43 4 15 32 37 31 37 49 29 55 28 55 2 27 28 45 17 70 43 41 56 31 43 32 82 52 16 29 62 34 56 23 9 79 76 27 82 71 51 41 39 53 32 33 14 44 39 18 31 9 57 39 48 26 21 62 41 28 29
58 72 83 52 31 64 55 47 54 59 32 44 43 3 50 53 49 51 25 69 59 67 58 79 38 88 83 22 78 96 42 72 60 69 39 36 98 4 47 36 84 8 24 78 38 86 16 92 78 47 59 22 97 17 73 53 104 53 73 55 61 19 38 13 52 31 46 1000000 53 70 40 90 54 47 75 53 80 85 42 76 82 22 42 27 42 57 30 100 49 92 88 43 53 41 53 33 83 75 74 54 73 71 60 63 47 62 51 22 59 86 43 13 55 32 19 69 98 7 52 68 34 78 72 23 39 99 98 55 96 92 25 29 66 92 70 77 44 49 78 28 48 41 101 84 93 71 34 89 14 69 27
12 21 31 7 46 64 71 73 72 13 34 51 42 52 77 13 11 71 28 64 75 64 7 64 35 38 42 38 58 77 80 70 41 18 14 17 47 57 59 30 77 49 54 66 20 34 55 66 33 19 65 41 46 47 21 29 76 61 46 77 20 58 25 47 6 50 46 53 1000000 18 21 38 63 40 57 9 74 70 22 47 29 51 64 37 56 81 35 79 5 49 68 35 84 46 36 67 73 70 40 89 70 19 29 11 48 34 73 33 42 34 10 40 11 65 34 77 45 55 62 41 37 55 20 47 39 47 46 73 43 40 35 71 24 56 77 54 32 84 46 40 16 52 74 73 70 63 58 40 60 72 60
14 16 21 23 63 78 87 91 88 22 46 67 50 70 94 27 27 88 45 77 91 77 12 74 52 29 42 56 67 85 98 83 52 15 30 34 34 74 75 47 88 66 72 77 38 20 73 71 32 28 80 55 33 62 3 32 80 77 54 94 17 76 42 63 18 68 62 70 18 1000000 39 21 78 56 67 17 86 80 39 54 16 65 81 55 66 98 53 85 23 47 76 51 102 62 49 85 84 82 46 107 83 12 39 7 63 44 90 49 55 19 27 57 17 83 51 92 29 71 79 50 49 63 13 65 56 33 34 89 26 27 49 89 30 57 91 62 48 101 51 58 31 69 78 84 77 75 76 34 78 86 78
32 35 45 16 25 46 50 52 51 21 36 30 48 38 56 15 12 50 17 47 55 46 28 51 14 49 44 20 47 66 60 53 27 32 17 17 61 44 38 8 61 33 34 52 3 51 37 58 39 32 45 37 60 40 42 42 70 41 37 56 39 40 4 39 25 29 26 40 21 39 1000000 56 42 21 45 27 58 57 3 40 46 46 43 17 59 60 15 69 16 52 57 15 64 25 20 47 58 53 36 68 53 35 21 31 28 25 52 27 28 50 17 29 30 45 26 58 63 44 42 32 40 45 36 28 18 62 60 52 62 55 32 52 27 54 58 43 13 63 41 19 9 31 67 59 61 47 37 50 43 54 40
34 23 16 41 81 89 101 107 103 36 67 82 70 90 111 42 44 103 65 87 105 87 32 80 69 22 42 75 73 88 116 93 63 25 51 55 18 95 90 64 95 87 91 84 57 9 92 72 33 49 92 76 17 82 18 51 78 91 60 109 36 96 60 84 39 85 77 90 38 21 56 1000000 92 70 74 38 94 85 56 59 11 85 97 73 85 113 71 86 42 43 80 66 119 78 62 103 90 91 51 124 92 22 50 27 78 54 105 70 66 8 47 77 37 101 72 104 8 92 93 57 69 69 21 84 71 14 18 104 6 13 70 108 39 56 102 67 63 118 55 76 48 84 77 90 79 84 93 27 98 98 96
74 69 77 56 24 12 10 21 12 57 71 13 85 51 23 52 52 13 50 18 13 17 69 33 29 77 61 37 36 48 37 20 31 68 59 58 90 55 7 35 32 46 31 30 44 85 39 52 63 74 5 68 89 66 81 84 62 2 41 19 82 38 39 63 67 23 16 54 63 78 42 92 1000000 23 33 70 28 37 41 44 81 72 15 34 91 23 33 54 58 68 42 28 32 18 30 29 32 23 48 38 21 71 42 72 15 40 16 59 28 85 59 53 73 29 56 16 97 61 3 40 76 39 72 31 25 93 89 12 98 86 65 40 54 60 17 39 30 34 48 30 47 14 59 34 49 22 21 75 45 15 30
52 47 56 34 18 25 32 38 33 34 54 12 68 44 41 29 29 33 33 26 36 25 47 33 10 57 44 25 32 50 50 32 15 45 38 38 69 50 20 15 41 39 30 33 23 63 36 46 43 53 24 53 69 54 58 64 58 21 28 39 60 38 18 52 45 21 7 47 40 56 21 70 23 1000000 29 48 38 39 19 31 59 60 28 20 76 43 17 54 36 52 41 6 49 9 9 38 39 33 32 55 32 49 22 49 8 20 35 43 13 63 38 41 51 36 41 37 75 53 23 24 59 31 49 26 7 73 69 34 76 65 49 46 33 48 37 30 8 50 34 18 25 15 55 40 46 27 26 55 44 33 34
69 53 57 50 45 23 41 54 44 46 80 34 93 72 56 44 47 46 60 17 43 18 62 7 38 54 34 53 4 22 70 21 18 53 61 62 66 78 36 42 21 67 56 10 48 65 63 19 41 75 29 81 66 82 69 85 30 33 14 51 77 64 43 80 63 47 30 75 57 67 45 74 33 29 1000000 66 21 13 42 16 63 89 47 49 103 55 46 25 54 39 13 33 64 35 25 60 17 18 23 71 21 56 29 62 29 24 49 70 17 66 59 69 69 59 69 35 76 82 35 17 85 6 56 53 36 71 66 44 79 64 76 70 37 29 33 7 33 67 19 47 43 38 27 17 18 13 49 51 71 29 59
5 26 35 16 51 72 78 79 78 22 29 58 35 53 83 22 19 77 29 72 82 72 7 73 41 43 50 42 67 86 84 78 49 23 14 17 50 57 65 36 85 50 58 75 26 36 57 74 40 12 72 38 49 44 21 20 85 68 55 83 12 61 31 46 3 55 53 53 9 17 27 38 70 48 66 1000000 83 79 29 56 32 47 69 41 50 87 40 87 12 57 77 42 90 52 44 72 81 78 49 94 78 24 37 12 55 43 79 31 51 36 11 40 3 69 34 84 46 54 69 50 32 64 25 51 45 50 50 79 43 43 32 74 33 64 84 62 40 88 54 45 24 58 83 82 79 72 63 46 62 80 64
86 73 78 67 49 16 32 46 35 64 92 36 106 77 48 61 64 38 71 12 32 13 80 15 48 75 55 61 22 23 63 8 34 73 75 75 87 82 34 53 4 72 58 10 61 86 66 33 62 90 23 91 86 91 88 101 40 29 34 41 94 65 56 88 80 50 36 80 74 86 58 94 28 38 21 83 1000000 13 56 36 84 97 42 57 114 44 54 29 71 59 20 44 55 40 39 57 6 5 44 61 7 76 47 81 34 42 40 81 32 86 75 77 86 57 78 21 97 87 31 37 97 26 76 57 44 91 86 35 99 85 87 67 57 47 18 28 45 58 40 54 59 39 37 8 27 11 49 71 73 15 58
82 66 69 63 54 25 43 57 46 58 92 41 105 82 59 57 60 49 72 18 43 20 75 6 49 65 44 64 12 12 73 19 30 66 73 74 76 87 41 53 12 77 64 7 60 77 72 20 52 87 32 93 76 93 81 98 27 37 26 52 90 72 55 91 76 55 39 85 70 80 57 85 37 39 13 79 13 1000000 54 27 75 100 51 59 115 55 57 17 67 48 7 44 66 44 37 66 7 15 35 73 18 69 42 75 38 37 51 82 30 77 72 80 82 65 80 33 87 92 39 30 97 17 69 62 46 81 76 46 90 75 88 76 50 35 30 18 45 70 30 57 56 45 24 6 13 15 56 61 80 27 66
33 34 44 16 25 44 49 52 50 20 38 29 51 40 55 14 12 49 19 45 53 44 29 48 13 48 42 21 44 64 60 50 24 32 19 20 60 46 37 8 59 35 35 49 6 50 38 55 37 34 43 40 59 43 42 45 67 39 35 55 41 41 4 42 26 29 24 42 22 39 3 56 41 19 42 29 56 54 1000000 37 46 49 42 18 62 59 15 66 17 50 55 13 63 24 17 47 55 51 33 68 50 35 19 32 26 22 51 30 25 50 19 31 32 45 29 56 62 46 41 30 43 42 35 28 17 62 59 51 62 54 34 52 25 51 56 41 11 63 38 20 8 30 64 56 58 45 37 48 45 52 41
58 39 42 40 49 36 53 64 56 34 75 41 86 74 67 34 38 57 56 31 56 32 51 22 39 39 19 54 14 31 79 36 17 39 53 55 50 79 45 40 37 68 61 26 43 50 67 19 26 66 42 77 50 80 55 76 30 43 4 63 66 69 39 78 53 52 36 76 47 54 40 59 44 31 16 56 36 27 37 1000000 48 86 56 49 98 67 46 32 45 25 23 33 76 40 24 68 32 34 8 82 36 42 19 50 35 15 60 67 19 50 51 68 58 66 66 50 61 82 46 8 79 10 42 56 38 55 50 56 63 48 72 77 24 17 48 9 32 77 4 48 35 44 28 31 23 28 56 35 75 43 65
29 12 7 31 70 79 90 96 92 26 61 71 66 81 100 32 34 92 57 76 94 76 25 70 58 15 33 66 63 78 106 82 52 14 43 47 18 86 79 54 85 78 81 74 47 5 82 63 23 43 81 70 17 75 14 48 70 80 49 98 33 86 49 77 32 75 66 82 29 16 46 11 81 59 63 32 84 75 46 48 1000000 79 86 63 81 102 61 77 33 35 71 55 108 67 51 93 80 80 40 113 81 11 39 20 67 43 94 62 55 4 39 69 32 91 64 93 17 84 82 47 64 58 10 74 61 18 18 93 17 11 63 98 28 47 91 57 53 108 45 66 38 74 69 80 70 74 83 20 89 87 86
51 72 82 53 48 81 75 68 74 61 19 61 24 25 71 56 52 71 30 85 80 84 54 94 51 88 89 36 91 110 63 90 72 68 37 34 97 24 66 47 101 28 44 93 43 84 37 104 81 37 77 10 96 6 68 39 116 71 83 76 52 40 47 10 48 49 61 22 51 65 46 85 72 60 89 47 97 100 49 86 79 1000000 63 40 20 78 43 114 48 97 101 56 74 57 64 55 99 92 82 75 90 70 67 59 63 71 72 20 71 83 41 20 48 53 20 88 93 16 70 78 18 90 71 41 53 97 96 75 90 90 16 50 70 100 89 89 55 71 87 44 53 59 113 100 106 87 54 91 35 87 48
75 75 84 58 19 27 13 10 11 61 65 16 79 39 14 55 54 9 45 33 17 31 71 47 29 85 71 31 50 63 23 34 40 72 57 55 97 43 11 34 47 35 19 44 44 90 26 66 71 71 20 59 97 57 84 81 76 14 52 14 81 25 39 53 67 15 21 42 64 81 43 97 15 28 47 69 42 51 42 56 86 63 1000000 29 82 18 30 68 59 79 56 31 22 19 37 14 47 38 58 27 35 75 49 74 21 48 10 52 38 90 58 45 72 14 49 27 103 50 12 50 69 52 76 22 26 100 97 12 103 93 58 25 60 73 29 51 34 22 59 25 50 13 73 49 63 37 8 83 32 28 17
46 52 62 33 11 41 40 38 39 38 37 22 51 24 42 32 29 37 16 45 44 44 44 54 11 66 58 4 52 70 43 50 33 49 28 26 77 30 28 11 60 19 17 53 17 68 20 66 54 42 38 34 77 34 58 52 78 32 46 43 53 23 14 31 39 14 21 27 37 55 17 73 34 20 49 41 57 59 18 49 63 40 29 1000000 57 47 4 74 32 67 62 17 48 17 26 31 58 51 48 52 50 52 34 47 22 36 39 25 32 67 30 21 44 28 22 50 80 33 32 42 42 51 53 11 13 79 77 40 79 72 31 35 42 66 51 50 17 47 51 4 26 20 75 59 66 46 22 66 27 48 23
52 76 85 60 67 99 95 88 93 69 24 79 16 45 91 66 61 91 44 102 99 101 57 109 66 93 98 54 106 125 83 107 86 73 45 43 100 44 84 62 118 47 63 109 56 85 57 117 89 38 95 23 99 25 68 34 128 89 96 95 50 60 60 29 51 68 78 42 56 66 59 85 91 76 103 50 114 115 62 98 81 20 82 57 1000000 98 60 128 55 105 116 71 94 74 78 75 115 109 93 95 107 74 79 62 80 83 91 33 86 85 48 38 50 73 36 107 93 36 89 91 19 104 74 60 70 98 99 94 89 92 28 70 79 110 108 102 70 91 98 61 63 77 126 116 120 103 74 96 55 105 68
92 91 99 75 36 32 13 10 11 77 82 31 96 53 7 72 71 11 62 38 12 37 88 53 46 100 84 48 58 66 22 37 53 89 74 72 112 56 24 52 47 51 35 49 61 106 41 73 86 89 25 76 111 72 101 98 82 24 63 4 99 38 56 68 84 33 37 57 81 98 60 113 23 43 55 87 44 55 59 67 102 78 18 47 98 1000000 47 72 76 91 62 48 11 36 52 24 49 41 71 18 38 92 64 91 36 62 8 69 51 106 76 61 90 25 66 23 118 64 21 62 86 61 92 39 43 116 112 11 119 108 75 32 76 83 26 61 50 16 70 43 67 29 79 51 68 42 25 98 44 29 30
45 49 59 30 11 39 39 39 39 35 39 20 53 28 42 29 27 37 17 42 44 41 42 51 8 63 55 8 49 67 45 47 30 46 27 25 74 33 27 7 58 23 20 50 15 65 23 62 51 42 37 36 74 37 56 52 74 31 43 44 52 26 11 34 38 15 19 30 35 53 15 71 33 17 46 40 54 57 15 46 61 43 30 4 60 47 1000000 71 30 63 59 13 50 15 22 33 56 49 44 54 48 49 31 45 20 32 39 27 29 65 29 23 43 30 24 49 77 36 32 38 43 48 50 13 10 77 74 40 76 69 32 37 39 62 49 47 14 49 48 5 23 20 71 57 63 44 23 63 31 46 26
89 69 70 72 70 42 60 74 63 66 105 58 117 97 76 65 69 66 85 35 60 37 82 21 63 65 44 78 22 6 91 36 42 70 84 85 74 103 58 67 26 92 81 24 72 78 88 14 54 97 49 106 74 107 85 107 12 54 33 69 97 88 68 105 84 71 55 100 79 85 69 86 54 54 25 87 29 17 66 32 77 114 68 74 128 72 71 1000000 76 44 13 58 83 59 50 83 23 32 39 90 35 73 50 81 54 45 68 95 42 78 82 94 90 82 94 49 86 107 56 38 109 24 72 78 61 79 74 63 90 74 100 93 55 31 46 26 58 87 33 72 66 62 11 21 8 32 73 60 96 44 82
16 24 34 5 41 60 66 69 67 13 32 46 42 48 72 11 7 66 23 60 71 60 12 61 30 41 42 33 56 75 75 66 37 21 11 14 50 53 54 25 73 44 49 63 15 38 50 64 34 21 60 39 49 44 26 31 75 57 44 72 24 54 20 44 9 45 42 49 5 23 16 42 58 36 54 12 71 67 17 45 33 48 59 32 55 76 30 76 1000000 50 66 30 79 41 32 62 69 66 39 84 66 23 26 16 43 31 68 30 39 38 7 36 15 60 31 73 49 51 58 39 36 53 24 42 34 51 50 68 48 43 32 66 24 55 72 51 28 79 44 35 12 47 73 70 68 60 53 42 56 68 55
56 32 28 45 69 61 78 88 80 36 82 63 91 90 91 40 45 81 68 56 80 57 50 45 57 21 8 70 37 47 101 61 38 34 60 63 29 96 69 56 59 85 81 49 55 35 86 31 17 68 66 88 29 92 47 76 36 67 28 87 63 88 54 91 54 73 58 92 49 47 52 43 68 52 39 57 59 48 50 25 35 97 79 67 105 91 63 44 50 1000000 41 52 99 61 43 90 54 57 20 106 60 35 33 46 58 32 84 78 41 35 57 81 58 88 78 74 42 96 70 29 86 33 34 75 57 35 29 80 46 30 81 98 27 14 72 32 50 101 21 67 45 67 35 53 38 52 78 16 94 68 85
80 62 64 62 57 31 49 62 52 56 93 45 105 85 65 55 59 55 72 24 50 26 73 9 51 60 39 66 10 9 79 25 30 62 73 74 70 90 46 54 19 80 68 13 60 72 75 12 48 86 38 94 70 95 78 97 20 42 23 58 88 76 56 93 74 59 42 88 68 76 57 80 42 41 13 77 20 7 55 23 71 101 56 62 116 62 59 13 66 41 1000000 46 72 47 38 71 14 21 31 79 24 65 40 72 41 35 57 83 30 72 71 82 80 70 81 40 82 94 45 27 98 13 65 66 49 75 70 52 85 69 88 81 46 28 37 15 46 76 26 59 55 49 17 13 7 20 61 55 83 34 70
46 44 52 28 17 31 37 41 37 30 49 17 62 41 45 24 24 37 27 32 41 31 41 38 6 55 43 21 36 54 52 38 17 41 32 32 67 47 24 9 47 36 29 38 17 59 35 49 41 47 30 48 66 49 53 57 61 27 30 43 54 37 12 47 39 21 12 43 35 51 15 66 28 6 33 42 44 44 13 33 55 56 31 17 71 48 13 58 30 52 46 1000000 53 12 9 39 44 39 32 58 38 44 20 44 13 20 39 38 16 59 32 36 45 37 36 43 71 49 28 25 53 35 45 24 6 70 66 38 72 62 43 46 30 49 43 34 2 53 35 16 20 18 58 45 50 33 28 53 43 39 34
95 96 105 79 39 42 23 12 20 82 81 37 94 50 8 76 75 18 63 48 23 47 91 64 50 107 92 48 68 77 13 48 61 94 76 74 119 51 31 55 58 48 33 60 64 112 38 83 93 89 35 73 118 69 105 99 92 32 72 14 101 34 60 65 87 34 43 53 84 102 64 119 32 49 64 90 55 66 63 76 108 74 22 48 94 11 50 83 79 99 72 53 1000000 41 58 20 60 52 79 7 49 97 71 95 42 69 16 68 58 112 78 59 92 22 64 34 124 59 30 70 84 70 98 39 47 122 118 20 124 114 73 25 82 92 37 70 55 5 79 45 71 34 90 62 79 53 26 105 39 40 27
57 55 64 40 10 24 25 29 26 41 54 6 68 38 33 36 35 25 32 28 30 27 52 38 11 66 53 21 38 55 41 33 23 53 41 40 78 43 13 17 44 33 22 37 26 71 29 53 52 56 21 51 77 51 65 66 65 16 36 32 64 30 21 48 49 13 4 41 46 62 25 78 18 9 35 52 40 44 24 40 67 57 19 17 74 36 15 59 41 61 47 12 41 1000000 18 29 42 35 41 47 33 56 30 55 6 29 27 42 21 71 42 37 55 27 39 34 83 48 17 33 59 38 57 19 7 81 78 27 83 73 48 37 41 57 34 38 14 42 42 14 31 7 62 43 52 30 17 64 37 31 25
48 40 48 29 26 29 39 46 41 27 55 21 68 50 50 23 25 41 35 29 43 28 42 31 15 48 35 30 28 47 59 35 8 38 36 37 61 56 28 17 42 45 38 32 22 55 44 40 35 51 30 56 60 58 52 61 52 29 20 47 56 46 18 56 41 30 15 53 36 49 20 62 30 9 25 44 39 37 17 24 51 64 37 26 78 52 22 50 32 43 38 9 58 18 1000000 47 38 34 23 64 35 41 13 43 16 12 44 45 8 55 35 45 47 45 44 42 67 58 31 16 60 26 42 33 15 64 60 42 68 56 51 55 24 40 42 25 8 59 26 25 20 24 49 39 42 28 35 47 52 37 42
77 81 91 63 23 41 26 14 23 67 61 27 74 30 16 61 59 20 44 47 29 46 74 61 35 94 82 30 64 77 13 49 52 79 58 55 106 32 24 39 61 28 14 59 47 97 18 79 81 70 34 54 105 50 88 79 90 29 64 22 83 15 44 46 69 18 32 33 67 85 47 103 29 38 60 72 57 66 47 68 93 55 14 31 75 24 33 83 62 90 71 39 20 29 47 1000000 61 52 69 22 50 82 59 78 32 58 19 48 49 97 60 39 74 2 45 40 109 40 26 61 65 65 82 20 33 108 105 24 109 100 53 11 69 85 43 65 41 17 71 28 55 23 87 63 77 51 11 93 21 43 8
85 70 74 66 51 20 37 51 40 62 93 39 106 80 53 59 62 43 71 14 37 16 78 10 48 71 50 62 18 17 68 13 32 70 75 75 82 85 37 53 5 74 61 7 61 82 69 27 57 89 27 92 82 92 85 100 34 32 31 46 93 69 55 90 78 52 37 83 73 84 58 90 32 39 17 81 6 7 55 32 80 99 47 58 115 49 56 23 69 54 14 44 60 42 38 61 1000000 9 40 66 12 73 45 78 36 40 45 82 31 82 74 79 84 61 79 26 92 90 35 34 97 22 73 60 45 87 82 40 95 80 87 72 54 42 23 23 45 64 36 55 58 42 31 2 21 12 52 67 76 21 62
82 69 75 63 44 11 29 42 32 60 87 31 101 72 44 57 59 34 65 7 29 8 76 14 42 72 52 55 21 26 59 4 30 69 70 70 84 77 29 47 9 67 53 9 56 82 61 33 58 85 18 85 83 85 84 95 41 24 32 38 90 60 50 82 75 44 31 75 70 82 53 91 23 33 18 78 5 15 51 34 80 92 38 51 109 41 49 32 66 57 21 39 52 35 34 52 9 1000000 41 58 3 72 43 76 29 38 37 75 28 83 70 72 81 52 73 19 94 82 26 33 92 24 72 52 39 89 84 32 96 82 81 63 53 46 16 25 40 55 38 48 54 34 39 11 28 7 44 69 68 12 53
51 31 34 34 49 42 58 67 60 27 70 43 81 72 70 28 32 61 53 38 60 38 44 30 38 32 13 52 22 39 81 43 18 31 48 50 43 78 48 38 45 67 61 34 39 42 66 26 18 59 46 73 43 76 47 69 36 47 9 67 58 69 36 75 46 53 37 74 40 46 36 51 48 32 23 49 44 35 33 8 40 82 58 48 93 71 44 39 39 20 31 32 79 41 23 69 40 41 1000000 85 43 34 15 42 37 12 63 63 21 43 45 65 51 68 62 56 53 79 50 9 74 18 34 56 38 48 43 60 56 41 67 78 16 18 54 17 31 81 6 48 30 46 34 39 31 35 58 28 75 49 65
99 102 111 84 43 49 30 18 27 87 83 43 96 51 15 81 80 25 66 55 30 54 96 70 55 112 98 52 74 84 12 54 67 99 80 77 125 52 37 60 65 50 36 66 69 117 40 89 99 93 42 75 124 70 110 102 99 39 78 21 105 36 65 66 91 39 49 54 89 107 68 124 38 55 71 94 61 73 68 82 113 75 27 52 95 18 54 90 84 106 79 58 7 47 64 22 66 58 85 1000000 55 102 77 99 48 75 22 71 65 117 82 61 96 25 67 41 129 60 36 77 86 77 103 42 52 128 124 27 129 120 75 25 88 99 44 77 61 5 85 49 76 40 96 68 85 59 31 111 40 46 30
82 71 76 63 42 9 26 40 29 60 86 29 100 70 41 57 59 31 64 6 26 7 76 17 41 74 55 54 23 29 56 1 30 70 70 70 86 75 27 47 11 65 51 12 55 84 59 36 60 85 15 84 85 84 85 95 44 22 33 34 90 58 50 81 75 42 29 73 70 83 53 92 21 32 21 78 7 18 50 36 81 90 35 50 107 38 48 35 66 60 24 38 49 33 35 50 12 3 43 55 1000000 73 44 77 28 39 34 74 28 84 69 70 81 50 72 16 95 80 23 35 91 27 73 50 38 90 86 29 97 83 80 60 54 49 13 28 40 52 40 47 55 32 42 14 31 8 41 70 66 9 51
22 4 12 20 59 69 80 85 81 15 52 61 59 71 89 21 23 81 46 67 84 67 16 63 47 19 30 54 56 73 94 73 43 3 33 36 28 75 68 43 77 66 69 66 36 16 71 59 19 36 72 60 27 66 13 42 67 70 43 88 28 75 38 66 22 64 55 71 19 12 35 22 71 49 56 24 76 69 35 42 11 70 75 52 74 92 49 73 23 35 65 44 97 56 41 82 73 72 34 102 73 1000000 30 12 56 34 84 52 45 15 29 58 24 80 53 83 28 74 71 39 55 52 1 63 50 28 27 82 27 21 54 87 19 45 82 51 42 97 40 54 26 63 66 73 65 65 71 23 78 77 75
40 28 35 22 37 40 52 59 53 17 55 34 67 58 63 15 19 54 38 38 55 38 34 36 25 36 24 38 30 49 71 44 13 26 34 36 48 63 41 24 49 53 49 38 24 42 53 38 22 47 42 58 47 62 41 57 50 41 18 60 48 56 22 60 34 41 28 60 29 39 21 50 42 22 29 37 47 42 19 19 39 67 49 34 79 64 31 50 26 33 40 20 71 30 13 59 45 43 15 77 44 30 1000000 34 29 5 56 48 16 42 32 50 40 57 47 54 54 65 43 13 60 27 30 43 26 51 48 54 55 44 52 66 11 33 53 25 18 72 19 34 16 37 47 45 42 36 47 34 61 48 54
10 15 23 15 56 72 80 83 81 17 41 60 47 63 87 20 20 80 38 71 84 71 5 69 45 31 41 49 62 81 91 77 47 12 24 27 38 67 68 40 83 59 65 72 31 25 65 67 30 24 73 50 37 56 11 30 77 70 49 87 17 69 35 57 12 61 55 63 11 7 31 27 72 49 62 12 81 75 32 50 20 59 74 47 62 91 45 81 16 46 72 44 95 55 43 78 78 76 42 99 77 12 34 1000000 56 39 82 42 49 24 20 50 12 76 44 85 35 65 72 45 44 59 13 58 48 38 38 82 33 31 43 82 26 55 84 57 41 94 48 50 24 62 75 78 73 70 69 35 71 80 71
59 55 63 41 16 19 24 31 25 42 59 5 72 44 34 36 37 25 37 22 28 21 54 33 14 64 50 26 33 49 44 27 19 53 44 43 77 49 12 20 38 39 27 31 30 70 34 48 50 59 18 57 76 56 66 70 59 14 32 32 67 35 24 54 52 18 2 47 48 63 28 78 15 8 29 55 34 38 26 35 67 63 21 22 80 36 20 54 43 58 41 13 42 6 16 32 36 29 37 48 28 56 29 56 1000000 27 28 47 17 70 45 43 58 31 44 30 83 54 15 29 63 33 57 24 10 80 76 26 83 72 53 42 40 52 30 33 15 43 38 19 32 9 56 38 47 24 21 62 42 26 30
45 32 38 27 37 36 49 57 51 22 60 32 72 60 61 20 24 52 41 33 52 33 39 30 26 38 23 40 25 44 70 39 9 31 39 40 50 66 39 26 44 55 49 33 28 46 55 34 24 52 39 62 50 65 46 62 45 39 13 58 53 57 25 64 40 41 27 62 34 44 25 54 40 20 24 43 42 37 22 15 43 71 48 36 83 62 32 45 31 32 35 20 69 29 12 58 40 38 12 75 39 34 5 39 27 1000000 54 52 12 46 37 53 45 57 51 50 58 68 41 8 64 21 34 44 26 54 50 52 59 46 57 66 15 30 49 20 19 70 16 36 21 36 42 40 37 31 47 36 63 44 54
84 82 91 67 28 27 8 6 5 69 75 23 88 47 8 63 63 3 54 33 10 32 80 48 38 92 76 40 52 62 23 33 46 80 66 64 104 51 16 43 44 44 28 45 53 98 35 67 78 80 20 69 103 66 92 90 77 16 56 5 91 32 48 62 76 25 28 51 73 90 52 105 16 35 49 79 40 51 51 60 94 72 10 39 91 8 39 68 68 84 57 39 16 27 44 19 45 37 63 22 34 84 56 82 28 54 1000000 62 43 98 68 54 82 20 58 22 110 58 14 55 79 54 84 32 34 108 104 5 111 100 67 29 68 76 24 54 42 19 63 35 58 21 74 47 64 37 18 90 39 25 24
36 54 64 34 35 66 64 60 63 42 13 47 27 23 63 37 33 61 11 69 68 68 37 76 33 70 69 22 73 92 59 74 53 50 19 16 79 26 53 29 84 22 35 76 24 67 31 85 62 25 63 11 78 14 52 32 97 57 64 66 39 35 28 15 31 37 45 22 33 49 27 70 59 43 70 31 81 82 30 67 62 20 52 25 33 69 27 95 30 78 83 38 68 42 45 48 82 75 63 71 74 52 48 42 47 52 62 1000000 53 66 23 10 33 46 4 75 77 22 57 59 17 71 53 30 37 80 79 64 75 72 6 47 51 81 76 70 37 65 67 29 33 45 94 83 87 70 44 72 33 73 41
54 43 50 35 30 24 38 47 40 32 63 22 76 57 50 29 31 40 42 22 41 22 48 23 21 50 33 37 20 39 61 28 3 42 44 45 62 62 28 24 35 51 43 25 30 58 49 33 35 58 27 64 61 65 57 69 45 27 15 46 62 50 26 63 48 34 17 59 42 55 28 66 28 13 17 51 32 30 25 19 55 71 38 32 86 51 29 42 39 41 30 16 58 21 8 49 31 28 21 65 28 45 16 49 17 12 43 53 1000000 58 43 52 54 48 51 38 69 65 29 12 68 19 46 38 20 66 62 40 71 58 58 58 27 36 37 18 16 60 21 31 27 26 42 31 34 21 38 47 57 32 46
33 16 8 35 74 82 94 100 95 30 65 75 69 86 104 36 38 95 61 79 98 79 29 72 62 14 34 70 65 80 110 85 55 18 47 51 15 91 82 58 87 82 85 76 51 1 87 64 25 47 85 74 14 80 17 51 71 83 52 102 36 90 54 81 36 79 70 86 34 19 50 8 85 63 66 36 86 77 50 50 4 83 90 67 85 106 65 78 38 35 72 59 112 71 55 97 82 83 43 117 84 15 42 24 70 46 98 66 58 1000000 43 73 36 95 68 96 12 88 85 49 68 61 15 78 65 14 14 96 13 8 67 102 31 48 94 59 57 112 47 70 42 77 70 82 71 76 87 20 93 90 90
17 31 41 12 40 63 67 68 67 20 25 47 35 43 71 17 13 66 18 63 71 63 15 66 31 47 49 31 61 80 73 69 42 27 4 8 56 48 55 25 77 40 47 67 15 44 46 70 41 15 62 32 55 37 30 26 81 58 49 72 23 50 21 38 9 44 43 43 10 27 17 47 59 38 59 11 75 72 19 51 39 41 58 30 48 76 29 82 7 57 71 32 78 42 35 60 74 70 45 82 69 29 32 20 45 37 68 23 43 43 1000000 30 14 58 25 75 55 45 59 45 29 58 30 40 35 56 56 68 52 49 25 63 31 62 74 57 30 77 51 34 16 47 79 74 74 63 52 49 52 71 53
45 60 70 39 29 62 57 52 56 47 22 42 35 13 55 42 38 53 13 65 61 64 45 74 31 76 73 17 72 90 50 70 53 56 26 23 86 17 47 28 81 12 26 74 26 74 22 85 67 34 58 15 85 14 60 42 97 52 65 58 49 26 28 11 39 30 41 13 40 57 29 77 53 41 69 40 77 80 31 68 69 20 45 21 38 61 23 94 36 81 82 36 59 37 45 39 79 72 65 61 70 58 50 50 43 53 54 10 52 73 30 1000000 42 37 6 69 85 16 51 60 25 71 59 23 34 87 85 57 83 79 14 38 55 83 70 69 36 56 69 24 37 39 94 80 86 67 36 77 24 68 32
3 27 36 18 54 75 81 82 81 24 30 61 34 55 85 25 22 80 31 75 85 75 8 76 45 44 52 45 70 89 87 81 52 24 17 20 50 59 68 39 88 52 61 78 29 36 60 77 41 12 75 39 49 45 20 18 87 71 57 86 9 64 34 47 6 58 56 55 11 17 30 37 73 51 69 3 86 82 32 58 32 48 72 44 50 90 43 90 15 58 80 45 92 55 47 74 84 81 51 96 81 24 40 12 58 45 82 33 54 36 14 42 1000000 72 36 88 45 55 72 53 32 66 25 54 48 49 50 82 42 43 33 77 35 66 87 65 43 91 57 48 27 61 85 85 81 74 66 47 64 83 67
75 79 89 61 21 41 27 16 24 65 59 26 72 28 18 59 57 21 42 47 30 45 72 61 33 92 80 28 63 77 15 49 50 77 55 53 104 31 24 37 61 26 12 58 45 95 16 78 79 68 34 52 103 48 86 77 89 28 63 23 81 13 41 44 67 16 31 32 65 83 45 101 29 36 59 69 57 65 45 66 91 53 14 28 73 25 30 82 60 88 70 37 22 27 45 2 61 52 68 25 50 80 57 76 31 57 20 46 48 95 58 37 72 1000000 43 41 107 38 26 60 63 64 80 18 31 106 103 25 107 98 51 11 67 84 43 64 40 19 69 25 53 22 86 63 76 50 10 91 19 43 6
39 55 65 35 32 63 60 56 59 43 17 44 30 20 59 37 33 57 9 66 65 65 39 74 31 71 69 19 71 90 56 71 52 51 21 17 81 24 49 27 82 18 31 74 23 68 27 84 63 28 60 12 80 14 54 35 95 54 63 63 42 31 26 14 33 34 43 19 34 51 26 72 56 41 69 34 78 80 29 66 64 20 49 22 36 66 24 94 31 78 81 36 64 39 44 45 79 73 62 67 72 53 47 44 44 51 58 4 51 68 25 6 36 43 1000000 72 79 20 54 58 21 70 54 27 34 81 80 60 77 74 9 44 51 80 73 68 35 62 66 26 33 42 93 81 86 68 41 73 30 70 37
89 81 88 70 40 14 14 28 17 69 87 28 101 65 28 65 66 20 66 18 12 18 84 32 44 87 68 53 38 43 44 15 41 80 74 73 99 69 22 50 24 61 45 28 60 96 53 52 73 89 13 84 98 82 94 100 60 17 47 21 97 51 54 78 82 39 32 69 77 92 58 104 16 37 35 84 21 33 56 50 93 88 27 50 107 23 49 49 73 74 40 43 34 34 42 40 26 19 56 41 16 83 54 85 30 50 22 75 38 96 75 69 88 41 72 1000000 107 76 18 48 92 42 84 47 40 103 99 16 109 96 81 51 65 64 3 42 45 39 54 46 61 30 57 28 47 22 35 84 59 7 44
42 28 19 47 87 93 106 112 108 42 75 87 78 98 116 49 51 108 73 90 110 90 40 83 74 22 43 82 75 88 122 96 67 31 59 62 14 102 95 70 97 94 97 87 63 12 99 72 35 57 97 84 13 90 26 59 78 96 62 114 44 102 66 92 46 91 82 98 45 29 63 8 97 75 76 46 97 87 62 61 17 93 103 80 93 118 77 86 49 42 82 71 124 83 67 109 92 94 53 129 95 28 54 35 83 58 110 77 69 12 55 85 45 107 79 107 1000000 100 97 60 77 71 27 90 77 8 14 108 6 12 78 114 43 56 106 69 69 124 57 82 54 90 77 92 80 87 99 27 105 101 103
59 75 85 55 38 71 63 54 61 63 30 51 39 11 56 57 53 58 29 76 67 74 60 86 44 91 88 28 85 103 48 80 66 72 41 38 101 8 55 42 91 15 31 85 42 89 23 99 82 46 66 19 100 13 74 51 110 60 79 62 61 26 43 9 53 38 52 7 55 71 44 92 61 53 82 54 87 92 46 82 84 16 50 33 36 64 36 107 51 96 94 49 59 48 58 40 90 82 79 60 80 74 65 65 54 68 58 22 65 88 45 16 55 38 20 76 100 1000000 59 74 31 84 75 30 46 102 101 62 97 94 23 34 70 97 78 83 50 55 83 35 52 48 108 91 99 78 41 93 20 76 34
74 70 78 56 22 15 9 18 10 57 70 12 84 48 21 52 52 11 48 21 13 19 69 36 28 79 63 35 39 51 34 23 32 68 58 57 91 52 5 34 35 44 28 32 44 85 36 54 64 73 8 66 90 64 81 83 65 3 42 17 81 35 38 61 66 21 16 52 62 79 42 93 3 23 35 69 31 39 41 46 82 70 12 32 89 21 32 56 58 70 45 28 30 17 31 26 35 26 50 36 23 71 43 72 15 41 14 57 29 85 59 51 72 26 54 18 97 59 1000000 41 74 41 72 29 24 94 91 11 98 87 63 37 55 62 19 41 30 32 49 29 47 12 62 37 51 25 18 76 43 17 28
52 36 41 34 42 33 49 59 51 29 68 34 79 66 62 28 32 52 49 30 52 30 46 24 31 39 22 46 17 36 73 35 10 36 47 48 52 72 40 32 38 61 54 27 35 49 60 26 25 59 38 70 51 72 52 70 37 39 5 58 61 62 32 71 47 45 29 68 41 50 32 57 40 24 17 50 37 30 30 8 47 78 50 42 91 62 38 38 39 29 27 25 70 33 16 61 34 33 9 77 35 39 13 45 29 8 55 59 12 49 45 60 53 60 58 48 60 74 41 1000000 72 14 39 49 31 56 51 52 62 49 64 70 20 24 46 12 24 72 10 41 29 38 35 34 29 27 50 36 68 41 58
35 58 67 41 52 83 81 77 80 50 5 64 10 36 80 46 42 78 26 85 85 84 39 91 49 75 79 39 87 107 75 90 67 55 26 24 82 38 70 44 100 37 52 92 37 68 47 98 70 20 80 12 81 19 52 21 109 74 77 83 34 51 42 22 33 54 62 34 37 49 40 69 76 59 85 32 97 97 43 79 64 18 69 42 19 86 43 109 36 86 98 53 84 59 60 65 97 92 74 86 91 55 60 44 63 64 79 17 68 68 29 25 32 63 21 92 77 31 74 72 1000000 85 56 47 53 81 82 81 73 75 12 62 60 91 93 84 52 81 79 46 44 62 107 98 101 86 61 77 47 89 57
66 49 52 48 48 29 47 59 50 43 80 38 93 75 62 42 45 52 61 23 49 24 60 12 40 49 28 56 4 22 75 28 18 49 60 61 60 81 41 43 27 70 60 16 48 60 67 15 36 73 35 82 60 84 65 83 26 38 10 57 74 68 44 82 61 51 34 78 55 63 45 69 39 31 6 64 26 17 42 10 58 90 52 51 104 61 48 24 53 33 13 35 70 38 26 65 22 24 18 77 27 52 27 59 33 21 54 71 19 61 58 71 66 64 70 42 71 84 41 14 85 1000000 52 57 39 65 60 50 73 59 76 75 33 22 39 2 35 73 14 50 42 42 24 21 16 20 54 45 75 35 63
23 3 11 21 60 70 81 86 82 16 53 61 60 71 90 22 24 82 47 68 85 68 17 63 48 18 30 55 56 73 95 73 43 4 34 37 27 76 69 43 77 67 70 66 36 15 72 58 19 37 72 61 26 67 13 43 67 70 43 88 29 75 39 67 23 65 56 72 20 13 36 21 72 49 56 25 76 69 35 42 10 71 76 53 74 92 50 72 24 34 65 45 98 57 42 82 73 72 34 103 73 1 30 13 57 34 84 53 46 15 30 59 25 80 54 84 27 75 72 39 56 52 1000000 64 51 27 26 83 27 20 55 88 19 45 82 51 43 98 39 55 27 64 65 73 65 66 72 22 79 78 76
57 63 73 43 8 41 34 30 33 48 43 21 57 20 33 42 40 31 24 46 39 44 54 57 19 76 67 10 57 73 33 50 40 60 37 35 88 25 25 21 61 15 7 55 27 78 11 71 64 51 36 37 87 35 69 60 83 30 53 36 63 13 25 32 49 8 23 23 47 65 28 84 31 26 53 51 57 62 28 56 74 41 22 11 60 39 13 78 42 75 66 24 39 19 33 20 60 52 56 42 50 63 43 58 24 44 32 30 38 78 40 23 54 18 27 47 90 30 29 49 47 57 64 1000000 19 90 87 34 90 82 36 24 52 73 48 56 26 37 59 9 37 18 80 61 71 48 14 76 19 46 13
50 49 58 33 11 30 32 36 33 35 48 12 62 37 39 29 29 32 27 32 37 31 46 40 4 61 49 18 39 57 46 37 21 47 34 33 73 42 20 10 48 31 24 40 20 65 29 53 47 49 28 47 72 47 58 60 65 23 34 38 57 31 14 45 43 15 9 39 39 56 18 71 25 7 36 45 44 46 17 38 61 53 26 13 70 43 10 61 34 57 49 6 47 7 15 33 45 39 38 52 38 50 26 48 10 26 34 37 20 65 35 34 48 31 34 40 77 46 24 31 53 39 51 19 1000000 75 72 34 77 68 42 40 36 55 40 38 8 47 40 11 24 13 62 46 54 34 22 59 37 37 28
46 27 17 48 86 89 103 110 105 42 78 85 83 99 114 48 51 105 74 85 106 86 43 77 73 16 37 82 69 81 121 91 63 31 61 64 6 104 92 69 92 95 96 81 63 13 99 65 31 61 93 87 6 93 30 64 70 92 57 111 49 102 65 94 49 90 79 99 47 33 62 14 93 73 71 50 91 81 62 55 18 97 100 79 98 116 77 79 51 35 75 70 122 81 64 108 87 89 48 128 90 28 51 38 80 54 108 80 66 14 56 87 49 106 81 103 8 102 94 56 81 65 27 90 75 1000000 6 105 14 8 81 114 40 48 102 64 67 122 51 81 53 88 70 86 73 83 97 20 106 97 102
47 26 15 46 83 85 99 107 101 39 79 81 84 97 110 46 49 101 73 81 102 81 43 72 70 12 32 80 64 76 118 86 59 29 60 63 0 102 88 67 87 93 94 76 61 14 97 60 26 61 89 87 0 93 31 66 65 88 52 108 50 100 63 93 49 87 76 98 46 34 60 18 89 69 66 50 86 76 59 50 18 96 97 77 99 112 74 74 50 29 70 66 118 78 60 105 82 84 43 124 86 27 48 38 76 50 104 79 62 14 56 85 50 103 80 99 14 101 91 51 82 60 26 87 72 6 1000000 101 19 7 81 111 37 43 97 59 64 119 46 79 51 84 64 81 67 78 94 15 104 92 99
84 81 89 66 30 22 3 11 1 68 77 22 90 51 13 62 62 4 56 28 5 27 79 43 37 89 73 42 48 57 28 28 43 79 67 65 102 55 14 43 39 47 31 40 53 96 38 63 75 81 15 71 101 69 92 92 72 13 53 6 91 36 48 65 76 27 27 55 73 89 52 104 12 34 44 79 35 46 51 56 93 75 12 40 94 11 40 63 68 80 52 38 20 27 42 24 40 32 60 27 29 82 54 82 26 52 5 64 40 96 68 57 82 25 60 16 108 62 11 52 81 50 83 34 34 105 101 1000000 109 98 69 34 66 72 19 50 41 24 60 36 58 21 69 42 59 32 21 87 44 20 28
39 28 21 46 86 95 107 113 108 42 71 88 74 95 116 48 50 108 71 92 111 92 37 85 74 26 46 81 78 92 122 98 68 30 56 60 19 100 95 70 100 92 96 89 62 13 97 76 38 53 98 81 19 87 23 55 82 96 65 115 40 101 65 89 44 91 82 96 43 26 62 6 98 76 79 43 99 90 62 63 17 90 103 79 89 119 76 90 48 46 85 72 124 83 68 109 95 96 56 129 97 27 55 33 83 59 111 75 71 13 52 83 42 107 77 109 6 97 98 62 73 73 27 90 77 14 19 109 1000000 16 75 113 44 60 108 72 69 124 60 81 53 90 81 95 83 90 99 31 104 103 102
40 20 9 40 78 82 95 102 97 34 72 77 77 91 106 40 43 97 66 78 99 79 36 70 65 10 31 74 63 76 113 84 55 23 53 57 7 96 84 62 85 87 89 74 56 7 91 60 23 55 85 81 6 86 25 59 66 85 50 104 44 94 57 87 43 82 71 92 40 27 55 13 86 65 64 43 85 75 54 48 11 90 93 72 92 108 69 74 43 30 69 62 114 73 56 100 80 82 41 120 83 21 44 31 72 46 100 72 58 8 49 79 43 98 74 96 12 94 87 49 75 59 20 82 68 8 7 98 16 1000000 74 106 32 44 94 57 59 115 45 73 46 80 65 80 67 76 90 15 98 90 94
36 56 66 37 41 72 69 65 68 45 8 53 21 26 68 41 36 66 16 75 74 74 38 81 39 72 73 28 78 97 64 80 58 52 21 18 81 29 58 34 90 26 40 82 29 68 36 90 65 23 69 7 80 12 52 28 102 63 69 72 38 40 33 14 32 43 51 25 35 49 32 70 65 49 76 32 87 88 34 72 63 16 58 31 28 75 32 100 32 81 88 43 73 48 51 53 87 81 67 75 80 54 52 43 53 57 67 6 58 67 25 14 33 51 9 81 78 23 63 64 12 76 55 36 42 81 81 69 75 74 1000000 52 55 85 81 75 43 70 72 34 37 51 99 88 92 76 50 74 37 78 46
79 87 97 67 29 52 36 24 34 72 59 37 71 26 25 66 64 30 45 58 39 56 77 72 42 100 89 33 73 88 13 59 60 84 60 57 112 26 35 45 71 26 17 69 51 102 17 89 87 71 45 51 111 46 92 79 100 39 73 32 84 13 49 42 72 25 41 29 71 89 52 108 40 46 70 74 67 76 52 77 98 50 25 35 70 32 37 93 66 98 81 46 25 37 55 11 72 63 78 25 60 87 66 82 42 66 29 47 58 102 63 38 77 11 44 51 114 34 37 70 62 75 88 24 40 114 111 34 113 106 52 1000000 76 94 53 74 48 21 79 33 61 33 97 73 87 61 21 99 15 53 12
34 17 24 19 47 51 63 70 65 11 56 45 66 65 74 14 18 65 42 48 67 48 27 44 34 25 19 46 37 55 81 54 24 16 34 37 37 70 52 32 58 60 58 47 29 31 62 42 12 44 54 61 36 65 32 53 52 53 24 71 42 65 28 65 30 51 39 66 24 30 27 39 54 33 37 33 57 50 25 24 28 70 60 42 79 76 39 55 24 27 46 30 82 41 24 69 54 53 16 88 54 19 11 26 40 15 68 51 27 31 31 55 35 67 51 65 43 70 55 20 60 33 19 52 36 40 37 66 44 32 55 76 1000000 32 64 32 28 83 22 43 18 48 50 54 47 46 58 24 69 59 63
65 42 41 50 66 51 69 81 72 42 87 58 97 90 84 45 49 74 71 46 71 47 58 33 55 34 15 70 26 33 96 50 34 43 65 67 43 95 62 56 47 85 78 37 57 48 84 17 26 75 57 91 43 94 58 84 23 60 21 79 72 86 54 93 62 69 53 92 56 57 54 56 60 48 29 64 47 35 51 17 47 100 73 66 110 83 62 31 55 14 28 49 92 57 40 85 42 46 18 99 49 45 33 55 52 30 76 81 36 48 62 83 66 84 80 64 56 97 62 24 91 22 45 73 55 48 43 72 60 44 85 94 32 1000000 62 22 48 94 15 65 48 62 22 41 25 42 74 29 92 57 82
89 80 87 70 41 13 17 30 19 69 88 29 102 67 31 64 66 23 66 16 15 16 83 30 44 85 66 54 36 40 47 12 39 79 74 73 97 71 23 50 21 63 47 25 60 94 55 49 71 89 13 85 97 83 93 100 57 18 45 24 96 53 54 80 81 40 32 70 77 91 58 102 17 37 33 84 18 30 56 48 91 89 29 51 108 26 49 46 72 72 37 43 37 34 42 43 23 16 54 44 13 82 53 84 30 49 24 76 37 94 74 70 87 43 73 3 106 78 19 46 93 39 82 48 40 102 97 19 108 94 81 53 64 62 1000000 40 45 41 52 47 61 31 54 25 44 20 37 82 61 5 46
65 48 51 47 47 29 47 59 50 41 79 38 91 74 62 40 44 52 59 24 49 25 58 13 39 48 27 55 6 24 75 28 17 48 58 60 59 80 41 42 28 69 60 17 46 59 66 16 34 72 35 81 59 82 63 82 28 38 8 57 73 67 42 81 59 50 33 77 54 62 43 67 39 30 7 62 28 18 41 9 57 89 51 50 102 61 47 26 51 32 15 34 70 38 25 65 23 25 17 77 28 51 25 57 33 20 54 70 18 59 57 69 65 64 68 42 69 83 41 12 84 2 51 56 38 64 59 50 72 57 75 74 32 22 40 1000000 33 73 13 48 40 42 25 23 17 20 54 44 74 36 62
44 41 50 26 19 33 39 44 40 27 48 19 61 42 47 22 22 39 27 34 43 33 39 39 7 52 41 22 36 55 54 39 16 39 30 30 64 47 27 9 48 37 31 39 16 57 36 49 39 45 32 48 64 49 51 56 61 29 29 46 52 38 10 47 37 24 14 44 32 48 13 63 30 8 33 40 45 45 11 32 53 55 34 17 70 50 14 58 28 50 46 2 55 14 8 41 45 40 31 61 40 42 18 41 15 19 42 37 16 57 30 36 43 40 35 45 69 50 30 24 52 35 43 26 8 67 64 41 69 59 43 48 28 48 45 33 1000000 55 34 17 17 21 58 46 50 34 30 51 44 41 36
93 96 105 79 38 45 26 13 24 82 78 38 91 46 11 76 75 21 61 52 27 50 91 67 50 107 93 47 71 81 8 51 63 94 75 72 120 47 32 55 62 45 31 63 63 112 35 86 94 88 38 70 119 66 104 97 96 34 74 18 100 31 59 62 86 33 44 49 84 101 63 118 34 50 67 88 58 70 63 77 108 71 22 47 91 16 49 87 79 101 76 53 5 42 59 17 64 55 81 5 52 97 72 94 43 70 19 65 60 112 77 56 91 19 62 39 124 55 32 72 81 73 98 37 47 122 119 24 124 115 70 21 83 94 41 73 55 1000000 81 44 71 35 93 66 82 56 25 106 36 43 25
56 36 39 40 51 40 57 68 59 32 75 44 86 75 71 33 37 61 57 35 59 36 49 26 40 35 15 55 18 33 82 40 19 37 53 55 47 81 49 41 40 70 64 30 43 47 69 20 22 65 45 78 46 81 52 74 30 47 7 66 64 71 40 79 52 55 39 78 46 51 41 55 48 34 19 54 40 30 38 4 45 87 59 51 98 70 48 33 44 21 26 35 79 42 26 71 36 38 6 85 40 40 19 48 38 16 63 67 21 47 51 69 57 69 66 54 57 83 49 10 79 14 39 59 40 51 46 60 60 45 72 79 22 15 52 13 34 81 1000000 50 35 47 28 35 25 32 59 31 77 47 67
50 54 64 35 7 38 36 34 35 40 41 18 55 26 38 34 32 33 20 42 40 40 47 51 10 67 58 7 50 68 40 46 32 51 31 29 79 31 24 12 57 20 15 50 20 70 19 64 55 46 34 38 78 37 61 56 76 29 45 39 56 22 16 34 42 11 18 28 40 58 19 76 30 18 47 45 54 57 20 48 66 44 25 4 61 43 5 72 35 67 59 16 45 14 25 28 55 48 48 49 47 54 34 50 19 36 35 29 31 70 34 24 48 25 26 46 82 35 29 41 46 50 55 9 11 81 79 36 81 73 34 33 43 65 47 48 17 44 50 1000000 28 16 73 57 64 44 19 67 27 44 21
28 26 36 9 33 49 56 60 57 12 40 36 51 47 63 6 5 56 24 49 60 48 22 50 21 40 36 29 45 64 68 55 26 23 18 20 52 52 44 16 62 42 43 52 11 42 46 54 30 31 49 43 51 47 34 42 65 46 33 63 36 49 12 47 21 38 31 48 16 31 9 48 47 25 43 24 59 56 8 35 38 53 50 26 63 67 23 66 12 45 55 20 71 31 20 55 58 54 30 76 55 26 16 24 32 21 58 33 27 42 16 37 27 53 33 61 54 52 47 29 44 42 27 37 24 53 51 58 53 46 37 61 18 48 61 40 17 71 35 28 1000000 37 63 59 58 48 45 41 52 57 49
63 62 71 46 11 23 20 23 20 48 58 4 71 38 26 42 42 19 36 28 24 26 59 40 17 72 59 23 41 57 35 31 29 60 46 45 85 43 8 23 43 33 19 38 32 77 27 57 59 61 18 54 84 53 72 71 68 12 41 25 70 27 27 49 56 10 9 41 52 69 31 84 14 15 38 58 39 45 30 44 74 59 13 20 77 29 20 62 47 67 49 18 34 7 24 23 42 34 46 40 32 63 37 62 9 36 21 45 26 77 47 39 61 22 42 30 90 48 12 38 62 42 64 18 13 88 84 21 90 80 51 33 48 62 31 42 21 35 47 16 37 1000000 65 44 55 31 12 71 34 28 21
84 62 62 68 72 48 66 80 69 61 102 61 114 99 82 61 66 72 83 41 67 43 77 26 64 56 36 79 24 16 96 43 41 64 81 83 64 104 63 66 35 93 83 30 70 69 90 9 47 93 55 105 64 107 78 103 3 59 30 76 92 91 66 105 80 74 57 101 74 78 67 77 59 55 27 83 37 24 64 28 69 113 73 75 126 79 71 11 73 35 17 58 90 62 49 87 31 39 34 96 42 66 47 75 56 42 74 94 42 70 79 94 85 86 93 57 77 108 62 35 107 24 65 80 62 70 64 69 81 65 99 97 50 22 54 25 58 93 28 73 63 65 1000000 29 11 37 77 51 98 51 86
85 70 74 66 53 22 39 53 42 62 94 40 107 81 55 60 63 45 72 16 39 17 78 10 50 70 49 64 17 15 70 15 33 70 75 76 81 86 39 54 6 76 63 7 61 81 70 25 57 90 29 93 81 94 85 100 32 34 30 48 93 70 56 91 79 54 39 84 73 84 59 90 34 40 17 82 8 6 56 31 80 100 49 59 116 51 57 21 70 53 13 45 62 43 39 63 2 11 39 68 14 73 45 78 38 40 47 83 31 82 74 80 85 63 81 28 92 91 37 34 98 21 73 61 46 86 81 42 95 80 88 73 54 41 25 23 46 66 35 57 59 44 29 1000000 19 13 54 66 78 23 64
81 61 63 64 63 37 56 69 59 57 96 51 109 90 71 57 61 61 76 31 56 32 74 16 56 58 37 71 15 9 86 32 34 62 76 77 68 95 53 59 25 85 74 19 64 71 81 8 47 89 44 98 67 99 78 99 14 49 24 65 89 82 59 97 76 65 48 93 70 77 61 79 49 46 18 79 27 13 58 23 70 106 63 66 120 68 63 8 68 38 7 50 79 52 42 77 21 28 31 85 31 65 42 73 47 37 64 87 34 71 74 86 81 76 86 47 80 99 51 29 101 16 65 71 54 73 67 59 83 67 92 87 47 25 44 17 50 82 25 64 58 55 11 19 1000000 27 67 53 89 40 76
75 63 68 56 40 11 29 43 32 53 81 27 95 68 45 50 52 35 60 4 30 6 69 11 37 66 47 51 16 26 59 8 23 62 64 64 78 73 27 42 14 63 50 8 50 76 57 30 52 79 18 80 78 81 77 89 40 22 26 39 83 57 44 78 69 41 26 71 63 75 47 84 22 27 13 72 11 15 45 28 74 87 37 46 103 42 44 32 60 52 20 33 53 30 28 51 12 7 35 59 8 65 36 70 24 31 37 70 21 76 63 67 74 50 68 22 87 78 25 27 86 20 66 48 34 83 78 32 90 76 76 61 46 42 20 20 34 56 32 44 48 31 37 13 27 1000000 41 63 65 15 51
68 71 80 53 12 32 21 16 20 57 57 16 71 31 19 51 49 17 37 38 25 36 65 51 24 83 70 23 53 68 24 40 40 68 50 48 95 35 15 29 53 27 11 49 38 87 18 68 69 64 26 51 94 48 79 73 80 20 53 22 75 17 34 45 61 8 21 34 58 76 37 93 21 26 49 63 49 56 37 56 83 54 8 22 74 25 23 73 53 78 61 28 26 17 35 11 52 44 58 31 41 71 47 69 21 47 18 44 38 87 52 36 66 10 41 35 99 41 18 50 61 54 72 14 22 97 94 21 99 90 50 21 58 74 37 54 30 25 59 19 45 12 77 54 67 41 1000000 81 25 35 10
45 20 13 38 70 70 85 93 87 30 74 68 81 88 96 36 40 87 64 66 88 66 39 57 58 5 16 69 49 62 105 71 44 23 53 56 15 93 74 55 72 83 82 61 51 19 86 46 12 58 74 81 15 86 33 65 51 74 37 93 50 89 52 86 45 75 62 89 40 34 50 27 75 55 51 46 71 61 48 35 20 91 83 66 96 98 63 60 42 16 55 53 105 64 47 93 67 69 28 111 70 23 34 35 62 36 90 72 47 20 49 77 47 91 73 84 27 93 76 36 77 45 22 76 59 20 15 87 31 15 74 99 24 29 82 44 51 106 31 67 41 71 51 66 53 63 81 1000000 93 77 87
67 78 88 58 27 57 45 35 43 64 45 38 56 11 37 58 55 40 33 62 49 61 67 75 37 93 85 24 75 91 28 65 59 75 48 45 104 12 39 38 77 12 15 73 42 93 8 90 81 58 51 36 103 30 82 65 101 45 72 43 72 8 41 26 61 24 41 14 60 78 43 98 45 44 71 62 73 80 45 75 89 35 32 27 55 44 31 96 56 94 83 43 39 37 52 21 76 68 75 40 66 78 61 71 42 63 39 33 57 93 52 24 64 19 30 59 105 20 43 68 47 75 79 19 37 106 104 44 104 98 37 15 69 92 61 74 44 36 77 27 52 34 98 78 89 65 25 93 1000000 60 16
84 75 82 65 39 8 17 31 20 64 85 26 99 65 32 60 61 23 63 12 17 11 79 26 41 80 62 51 31 38 48 8 35 74 70 70 93 70 21 47 19 61 46 21 56 89 53 45 66 85 10 82 92 81 89 96 54 16 40 26 92 52 50 78 77 38 28 69 72 86 54 98 15 33 29 80 15 27 52 43 87 87 28 48 105 29 46 44 68 68 34 39 40 31 37 43 21 12 49 46 9 77 48 80 26 44 25 73 32 90 71 68 83 43 70 7 101 76 17 41 89 35 78 46 37 97 92 20 103 90 78 53 59 57 5 36 41 43 47 44 57 28 51 23 40 15 35 77 60 1000000 45
69 75 85 56 17 42 30 20 27 61 53 25 66 23 23 54 52 24 36 48 33 46 67 61 29 88 77 22 62 77 20 50 48 72 50 47 100 26 24 33 62 21 6 59 40 91 11 77 75 63 36 46 99 42 81 72 89 29 61 28 75 8 37 38 62 13 29 27 60 78 40 96 30 34 59 64 58 66 41 65 86 48 17 23 68 30 26 82 55 85 70 34 27 25 42 8 62 53 65 30 51 75 54 71 30 54 24 41 46 90 53 32 67 6 37 44 103 34 28 58 57 63 76 13 28 102 99 28 102 94 46 12 63 82 46 62 36 25 67 21 49 21 86 64 76 51 10 87 16 45 1000000
