150 75 115 180 11
1 1 1 1 1 2 2 4 1 1 1 3 1 2 2 1 1 1 2 2 1 3 3 2 3 3 1 1 1 2 1 2 3 3 2 1 2 1 2 1 2 2 1 2 1 2 2 2 2 2 2 4 4 3 3 4 1 4 3 5 1 2 2 3 2 2 1 2 2 2 3 2 1 2 3 
1 1 1 1 1 2 2 4 1 1 1 2 1 2 1 1 1 1 1 1 1 3 2 1 3 1 1 1 1 2 1 2 3 3 2 1 1 1 2 1 1 1 1 1 1 2 2 1 1 2 1 3 2 3 2 1 1 1 1 4 1 1 2 3 1 1 1 1 2 2 2 2 1 2 1 
30 29 28 28 26 26 26 25 25 25 24 24 24 24 24 23 23 23 23 23 22 21 21 21 20 19 19 18 18 18 17 17 17 17 16 16 16 15 15 15 14 14 14 14 13 13 13 13 13 12 12 12 11 11 11 11 10 10 10 9 9 9 8 8 8 8 7 7 7 6 6 5 5 5 5 
1000000 20 57 3 60 5 14 39 74 10 51 80 29 39 13 42 66 11 66 29 39 16 60 22 3 26 44 47 26 64 25 41 71 48 65 68 70 44 57 8 65 27 48 50 49 39 43 44 34 8 51 58 63 50 76 2 45 80 62 76 29 23 30 74 54 67 80 57 30 75 7 7 55 62 38 74 63 4 77 39 63 10 52 24 37 6 27 68 6 77 44 66 30 23 80 28 43 8 79 7 24 78 51 57 60 58 49 72 48 48 6 10 47 65 80 18 51 20 20 19 71 17 38 46 74 44 16 17 5 11 2 23 20 57 18 77 9 67 4 71 33 28 63 62 40 70 43 3 79 21 47
2 1000000 5 17 20 6 3 71 34 31 74 5 4 13 80 79 75 32 15 42 54 71 30 37 14 11 50 73 2 28 43 56 51 71 13 56 75 36 70 8 30 72 74 66 61 60 41 28 67 56 77 32 26 17 80 74 30 74 29 77 66 58 43 71 35 45 12 36 60 48 21 28 36 19 20 64 18 80 65 42 72 6 4 24 75 14 60 52 58 67 53 40 4 75 9 4 79 23 31 61 5 15 15 56 36 67 78 20 13 48 58 37 6 6 18 59 19 69 7 27 58 49 47 11 42 26 36 12 3 36 5 73 73 62 68 23 5 4 5 39 52 68 42 24 70 9 47 47 12 56 66
28 40 1000000 41 57 34 33 56 29 49 52 50 80 19 63 71 25 3 25 76 15 64 19 61 76 16 66 41 29 36 70 65 40 5 49 17 41 2 48 8 21 26 43 67 46 38 71 17 20 75 41 10 75 40 11 49 29 40 10 53 38 67 44 46 63 51 51 64 57 55 28 54 73 22 37 75 76 30 30 73 68 55 6 61 31 70 17 15 37 49 46 75 16 57 67 2 7 70 65 78 23 63 63 70 71 16 52 14 13 56 70 16 74 72 73 38 9 19 52 7 32 15 40 79 64 68 32 28 70 22 33 70 42 75 77 41 25 31 7 11 50 40 75 5 21 28 9 51 37 70 41
63 4 68 1000000 36 40 59 3 80 2 35 40 26 19 22 71 35 48 25 53 77 9 42 40 33 69 15 11 58 79 7 6 29 65 17 64 27 17 27 70 10 37 50 59 30 78 67 59 63 15 55 30 51 30 28 31 9 19 20 14 37 63 22 77 45 8 49 51 74 37 48 69 79 21 30 42 39 75 80 46 7 56 34 77 18 76 24 51 62 25 36 34 56 31 76 59 7 44 28 57 2 73 37 71 75 63 26 60 37 63 42 68 52 68 11 36 9 19 12 33 61 64 16 61 31 57 31 58 12 61 29 44 59 4 44 59 12 69 34 16 27 48 59 29 51 59 58 60 69 18 12
42 68 50 23 1000000 23 40 70 23 26 67 77 56 75 16 18 47 79 72 77 32 74 6 29 68 43 8 18 25 75 49 11 9 12 45 11 79 50 79 33 70 61 28 16 19 24 41 70 47 55 70 65 17 80 49 59 61 51 29 15 19 36 60 57 23 26 30 55 51 71 42 48 36 75 78 6 44 77 60 10 79 9 59 46 37 64 35 31 16 61 7 14 73 42 71 29 3 46 22 80 20 20 43 10 45 50 39 55 45 31 44 7 15 9 6 66 64 9 30 63 66 3 70 17 61 19 39 63 72 60 64 37 67 17 35 33 76 68 41 24 65 67 47 69 13 59 70 59 68 34 36
76 8 2 16 35 1000000 45 35 63 37 71 8 6 22 29 79 59 27 18 15 6 54 19 17 31 18 3 13 56 54 72 27 14 68 44 59 26 44 41 73 43 63 18 3 47 20 43 72 49 25 65 72 79 72 67 11 62 19 50 69 30 68 8 46 11 24 53 4 17 69 22 23 65 26 71 28 59 80 18 79 20 6 75 16 77 75 57 59 3 72 24 65 27 34 37 15 48 52 3 10 70 46 34 70 28 76 70 19 3 79 68 57 74 31 2 65 2 69 27 37 50 47 36 26 40 59 11 19 62 79 32 26 74 32 42 72 15 30 24 50 53 65 52 30 52 30 37 9 16 79 7
75 23 65 25 41 58 1000000 79 48 23 60 75 34 78 44 61 60 68 20 73 8 44 40 3 39 63 62 48 49 41 49 57 35 37 16 44 74 37 49 37 29 70 48 26 3 61 14 51 30 61 14 79 29 69 8 68 37 40 51 7 36 30 67 59 20 65 47 30 28 30 47 47 52 39 68 34 50 21 19 32 39 70 52 60 43 18 18 40 10 49 10 10 7 62 32 63 5 67 5 33 72 10 17 4 3 5 44 58 31 40 7 40 58 54 78 34 73 46 43 71 23 74 53 35 80 28 16 68 49 35 76 16 61 25 72 39 18 6 52 41 30 37 69 74 30 33 16 24 5 51 59
62 61 18 5 39 15 20 1000000 35 26 3 8 58 79 78 12 13 62 15 48 21 78 51 41 67 12 65 32 3 67 39 13 63 62 21 25 20 31 55 40 43 8 46 22 62 14 34 40 9 3 28 63 39 42 29 13 76 4 10 65 71 31 27 28 72 12 27 4 8 15 23 38 43 13 18 3 14 60 64 53 28 54 39 57 74 45 6 23 34 26 65 18 46 13 57 43 74 54 21 80 19 56 47 28 38 11 18 24 10 38 66 29 18 24 23 37 57 61 71 28 54 71 13 36 37 61 6 36 14 58 5 73 22 39 70 17 22 29 59 41 36 4 62 64 3 9 57 40 40 47 18
18 50 24 74 77 56 44 36 1000000 58 29 18 14 40 72 26 64 6 26 75 5 31 6 76 2 5 35 45 25 34 55 24 31 15 10 71 42 76 75 40 59 29 44 67 42 34 35 78 25 54 43 21 52 15 34 50 53 18 54 58 57 25 39 18 41 11 18 24 41 63 43 79 45 65 5 15 22 11 6 66 37 62 43 14 30 21 31 46 64 33 70 31 47 76 46 27 32 49 68 76 10 59 13 58 67 32 52 25 56 52 45 26 73 4 46 48 51 43 75 75 69 68 56 69 61 25 59 29 4 32 38 19 45 78 35 42 39 12 65 44 68 47 28 30 59 38 38 76 19 54 58
55 33 9 8 66 25 8 58 33 1000000 62 17 27 61 17 58 12 56 5 27 17 28 76 44 75 76 39 38 2 16 26 69 54 13 18 63 57 22 65 27 57 66 16 61 18 2 4 50 52 29 26 39 10 80 58 54 43 70 66 39 51 74 71 71 55 63 47 70 76 39 76 71 69 30 78 47 3 8 73 14 3 9 73 32 63 15 39 55 16 68 8 64 44 47 80 50 32 77 79 15 3 70 67 11 67 53 48 72 18 63 72 18 47 41 16 77 49 25 53 43 34 41 34 55 52 41 15 15 68 54 72 73 8 43 22 37 70 50 72 24 10 31 51 66 22 49 30 15 30 7 61
19 23 2 29 54 50 13 51 67 4 1000000 56 30 58 75 44 51 58 50 24 4 72 12 45 4 7 21 33 66 73 70 68 43 16 79 64 73 29 29 14 73 11 36 57 63 14 48 71 78 15 72 68 46 56 65 3 64 59 14 25 35 73 7 32 75 3 9 71 44 57 56 35 33 80 40 76 8 14 43 37 75 12 22 51 66 22 47 62 60 56 69 2 66 15 24 66 49 67 17 53 49 26 22 56 5 30 47 19 7 33 51 7 49 60 29 70 58 62 55 11 31 21 40 75 80 62 39 65 64 50 11 47 61 29 65 3 19 44 22 39 44 14 77 75 39 16 80 35 43 71 51
78 32 44 5 6 68 3 23 56 45 66 1000000 77 5 4 19 55 8 23 62 31 14 61 61 69 40 57 8 5 17 21 57 44 39 45 45 10 42 25 76 31 69 24 50 55 41 19 67 45 5 16 37 15 17 79 35 32 50 62 80 21 72 32 3 60 13 56 28 68 43 32 18 35 37 50 66 43 19 63 54 52 5 73 54 68 77 25 79 3 29 22 58 5 12 14 14 35 45 69 76 57 79 73 73 38 27 12 11 10 34 54 10 59 23 13 55 3 46 30 30 61 23 27 19 9 69 25 35 53 79 75 50 49 40 36 78 28 80 45 61 28 64 79 32 44 38 17 26 39 6 72
75 50 62 21 46 30 45 67 13 65 41 16 1000000 75 19 39 5 19 68 69 11 58 73 80 41 26 35 61 24 25 61 63 6 49 29 58 65 67 62 3 28 24 35 35 18 47 27 9 31 52 31 77 37 75 65 43 24 29 14 50 13 29 8 58 70 16 52 68 57 69 32 19 30 80 43 42 9 9 37 75 63 69 29 74 70 20 36 6 43 25 67 39 17 66 20 36 67 78 13 57 42 38 4 11 8 72 22 44 5 53 74 55 27 48 29 36 24 67 71 62 34 26 41 25 34 16 13 4 35 45 49 47 46 11 69 66 50 48 61 38 17 77 44 53 22 7 74 47 16 72 28
65 39 69 26 12 55 68 15 16 59 36 20 77 1000000 65 26 45 18 40 77 17 37 7 5 17 53 41 60 47 5 33 48 79 13 48 6 42 2 22 16 25 42 43 70 28 32 15 9 77 76 78 44 20 3 31 30 5 44 55 29 69 77 24 56 57 48 24 26 14 62 42 25 39 39 58 33 64 40 65 26 42 28 27 9 7 77 65 79 50 52 35 53 35 12 70 66 36 7 30 45 46 21 45 65 60 51 45 49 16 46 19 51 51 11 38 77 79 28 53 24 65 31 70 22 30 31 77 7 71 4 74 24 64 42 10 41 11 69 55 15 67 78 15 61 24 66 23 20 36 23 34
73 51 37 22 19 29 72 28 5 49 18 15 28 30 1000000 41 13 39 76 63 25 24 20 43 69 36 14 51 68 12 14 32 54 14 7 64 43 35 45 35 78 2 73 56 16 17 8 53 45 22 69 11 47 75 24 49 17 77 22 58 54 80 24 41 9 73 35 67 51 42 63 24 41 62 26 30 2 42 10 9 38 64 50 57 28 76 46 30 42 72 69 15 38 54 72 77 79 48 69 71 79 76 61 55 27 75 43 71 38 70 25 15 21 80 35 11 26 78 46 67 40 61 44 36 23 53 8 70 58 18 28 80 26 42 44 27 80 75 62 3 44 80 54 60 61 18 52 26 20 42 43
54 42 74 47 58 47 33 15 13 79 30 60 58 70 39 1000000 46 31 37 30 36 9 29 58 56 39 80 39 25 14 72 69 77 11 23 19 11 21 50 17 78 38 51 46 19 23 68 11 36 50 26 32 47 32 43 41 36 6 56 45 24 41 23 36 61 27 79 77 50 65 2 7 37 74 42 5 71 60 71 63 40 71 59 79 38 60 32 18 71 67 55 63 29 52 17 44 46 78 62 51 49 39 38 19 39 19 25 35 29 3 43 63 12 71 9 68 67 23 35 50 10 42 7 53 67 6 70 73 2 8 2 65 67 51 45 58 20 77 43 80 42 70 43 70 26 62 73 25 30 17 68
50 53 44 41 3 72 70 12 22 10 79 2 63 10 47 13 1000000 11 59 54 6 13 76 73 49 56 61 59 40 76 17 56 18 44 2 47 60 14 11 54 73 11 31 7 46 39 47 52 25 52 12 28 3 11 59 35 14 70 40 6 37 64 47 2 42 26 31 38 31 28 66 44 45 25 73 3 55 4 72 58 10 3 15 10 40 24 8 65 77 20 4 76 48 29 20 32 54 43 31 76 66 48 60 67 76 52 12 28 20 52 74 55 12 66 47 21 23 37 78 40 16 72 41 17 42 55 68 23 41 71 60 53 72 16 14 62 8 3 29 69 36 45 38 54 49 52 48 13 30 52 68
32 63 56 29 31 43 64 19 78 70 39 54 69 5 72 36 30 1000000 61 11 68 35 57 18 10 31 60 45 39 6 74 54 33 80 20 7 80 72 33 38 72 5 74 29 52 36 50 39 68 9 9 46 56 71 24 45 12 19 63 55 18 16 43 78 42 57 55 57 66 74 32 26 70 4 42 31 71 69 2 40 26 62 58 50 50 78 28 77 66 35 32 78 15 2 38 2 31 2 78 33 65 53 78 48 73 80 60 39 69 38 8 78 32 54 2 36 15 38 35 9 71 70 56 27 61 48 78 72 51 44 23 35 18 63 66 49 17 20 43 49 70 36 40 60 65 58 75 9 46 77 68
48 31 33 64 44 59 42 30 12 4 55 25 55 9 31 78 13 78 1000000 45 5 62 46 80 28 24 15 79 59 18 14 46 45 53 11 39 11 8 17 26 68 69 70 61 13 12 51 2 64 15 5 46 20 37 24 52 31 50 36 72 8 72 76 11 55 28 13 78 5 74 25 24 61 20 12 75 66 7 58 58 48 53 14 43 45 4 69 5 69 19 45 23 70 6 77 19 74 7 5 31 69 76 79 27 31 62 75 10 25 70 39 65 23 10 63 2 25 50 39 24 74 57 46 46 28 53 59 73 58 66 47 40 18 18 74 52 68 66 36 35 21 48 26 25 52 4 3 56 32 8 77
37 25 70 37 39 11 70 36 25 38 65 12 13 15 15 46 16 57 35 1000000 76 62 62 19 32 40 47 41 3 55 78 18 11 57 41 21 63 5 26 64 76 23 15 41 38 32 60 31 47 33 57 16 58 23 53 57 45 6 26 16 61 40 72 79 5 58 49 21 72 9 56 79 42 21 25 73 60 78 78 60 62 3 11 45 45 66 20 56 29 52 40 20 30 59 71 53 65 23 42 64 74 29 78 56 12 54 48 22 63 78 25 47 34 77 9 27 78 8 74 13 79 57 44 41 60 30 51 58 45 15 54 58 12 67 5 74 45 32 24 66 73 21 71 30 15 69 58 59 29 30 39
25 79 4 32 34 66 42 59 19 23 32 73 73 34 17 37 16 73 47 38 1000000 57 67 80 14 22 67 20 28 53 58 78 54 62 2 14 65 13 28 10 23 77 79 27 45 59 66 58 15 46 64 66 10 73 23 20 67 35 20 15 45 37 15 64 2 55 80 58 30 22 25 32 31 68 31 54 2 41 62 49 73 21 4 19 58 52 25 72 6 27 25 11 25 5 16 17 70 2 20 61 31 60 40 10 48 58 4 38 64 59 48 60 34 5 28 16 47 44 12 63 28 41 69 74 73 61 67 23 60 40 30 58 3 56 77 11 77 9 74 12 13 50 24 71 3 21 48 58 2 5 34
52 65 69 71 7 29 36 3 12 22 66 32 62 55 50 52 42 79 23 37 62 1000000 18 55 17 30 32 31 30 77 37 14 76 52 14 47 76 6 62 39 34 30 64 57 63 22 59 45 75 22 54 43 33 26 27 52 45 73 28 27 74 2 45 38 61 36 66 10 44 34 16 20 26 61 39 52 53 14 47 55 21 30 13 39 80 71 20 35 44 28 48 49 50 49 61 57 2 60 58 21 58 74 35 10 20 11 45 21 31 71 12 58 22 60 2 15 76 50 65 49 58 19 7 18 60 18 7 35 62 18 41 79 50 71 51 16 31 67 33 51 37 21 32 25 36 38 50 57 6 68 8
37 30 55 20 16 54 58 21 37 79 48 38 55 55 62 73 72 10 12 5 76 66 1000000 30 15 72 35 59 14 10 51 39 74 39 59 47 58 63 67 70 2 15 41 45 7 68 71 49 70 11 21 13 76 25 4 12 58 70 20 78 35 30 77 51 51 11 69 8 48 49 73 70 11 63 42 18 71 21 29 75 7 47 67 52 39 55 80 66 15 2 60 59 12 5 31 70 39 48 60 72 73 33 18 63 57 71 76 29 76 30 71 10 60 23 24 32 61 40 43 39 12 26 69 56 22 18 14 17 43 13 77 17 80 79 46 24 10 52 27 32 46 68 5 9 14 48 71 80 17 3 54
47 5 63 75 3 12 30 60 50 32 43 40 22 21 30 49 63 11 2 46 58 50 7 1000000 57 62 50 52 14 61 8 61 20 45 11 33 68 60 64 13 37 78 39 36 57 12 8 75 29 11 58 79 23 11 34 48 78 9 77 64 31 12 78 49 39 71 57 63 46 59 17 59 43 72 17 70 9 27 49 65 3 74 38 17 28 19 15 17 52 41 65 72 72 9 80 47 31 11 19 59 31 60 63 9 21 28 41 75 44 41 27 10 66 23 25 60 79 7 79 58 37 29 15 8 38 76 9 13 61 43 24 26 31 76 9 59 5 41 78 25 21 56 41 18 34 35 2 23 15 62 35
30 8 9 5 8 63 23 13 65 72 11 48 13 47 21 48 20 75 69 21 11 7 8 13 1000000 45 48 56 74 52 73 50 43 15 43 10 3 31 19 18 32 40 65 32 13 29 34 35 37 46 37 36 2 78 14 16 37 10 55 23 2 57 24 68 65 27 49 9 73 47 73 29 55 36 3 13 15 67 15 34 8 79 17 21 47 52 20 28 38 27 20 80 19 30 44 73 19 26 5 19 43 48 8 71 37 47 38 22 51 46 80 23 11 56 48 27 61 69 47 76 41 5 60 35 57 5 24 2 17 5 76 26 21 12 39 70 77 48 60 51 48 64 77 6 31 6 2 18 18 52 54
45 7 42 72 24 14 40 63 66 4 49 3 7 43 25 58 24 44 52 11 4 31 73 72 38 1000000 46 80 17 70 44 59 73 17 9 18 21 10 45 25 57 57 71 79 64 2 53 70 63 48 66 14 35 21 55 20 3 51 65 9 14 33 61 72 65 33 48 28 23 36 35 65 52 37 43 60 26 18 47 61 35 62 49 74 51 64 53 75 15 16 51 23 8 30 63 49 53 12 64 52 78 68 43 62 25 30 40 32 8 46 68 35 14 36 54 47 9 54 56 22 15 63 7 23 50 52 64 18 76 40 48 14 49 11 49 79 71 22 3 33 33 45 16 64 29 46 52 12 52 12 62
8 10 5 43 27 42 32 57 67 28 52 12 38 58 18 74 17 47 79 27 39 30 24 57 6 62 1000000 15 49 58 29 43 14 10 28 2 53 4 68 50 63 33 59 27 7 44 20 10 61 5 43 58 6 59 42 71 10 24 44 20 5 17 56 67 11 20 53 9 80 14 65 43 8 40 60 18 5 4 62 50 78 36 29 7 49 11 3 30 23 59 68 10 44 72 74 40 66 54 29 48 62 47 73 17 34 67 17 36 6 9 65 25 57 49 26 37 67 35 60 72 27 37 25 54 58 44 19 61 25 57 63 60 42 43 80 17 37 22 41 24 6 45 47 33 18 58 42 3 10 25 52
33 5 23 4 21 11 38 71 72 73 49 57 79 61 75 74 23 9 41 13 34 62 63 11 39 4 20 1000000 44 40 54 64 60 5 13 43 78 67 63 59 52 38 4 78 72 79 26 70 13 56 19 50 44 80 50 36 24 8 10 47 58 3 46 37 63 62 50 27 34 38 47 9 16 26 48 8 19 37 18 9 8 7 48 9 13 4 43 64 38 44 45 13 23 68 53 66 8 49 12 63 74 35 60 59 50 80 37 71 4 2 15 56 34 63 76 14 6 17 8 6 41 18 21 12 62 40 64 19 72 63 69 15 10 46 48 10 78 64 31 50 31 72 39 26 75 68 70 40 52 31 25
65 10 75 40 19 12 35 72 63 31 47 15 7 66 46 43 51 49 64 48 41 26 11 45 3 13 27 31 1000000 62 21 44 46 3 36 22 60 51 24 53 66 63 5 10 63 53 41 52 36 57 51 3 4 37 7 68 26 22 13 11 53 29 63 11 78 20 28 55 3 7 75 41 70 72 63 18 66 28 76 66 79 38 40 19 60 48 23 36 46 29 60 40 35 33 36 29 69 16 26 22 60 23 26 22 8 32 61 61 69 63 62 9 12 25 31 43 18 15 54 2 26 35 24 36 63 31 42 63 16 79 46 36 26 45 3 48 76 4 8 62 64 63 75 25 27 32 39 43 24 21 14
29 24 36 24 64 19 20 42 6 71 57 31 17 52 45 9 32 75 77 16 63 78 33 33 49 78 64 67 24 1000000 7 66 75 46 68 71 24 31 15 52 57 9 43 64 73 49 19 12 72 53 66 50 40 69 8 28 59 38 28 16 39 4 40 15 70 3 49 37 31 60 19 60 27 78 5 39 58 37 36 68 68 12 77 57 11 77 17 20 51 42 78 73 9 73 14 17 20 57 8 29 9 57 14 66 25 21 5 62 2 26 66 48 64 73 10 46 35 52 53 36 75 78 4 38 17 38 22 15 61 35 43 31 4 38 4 14 35 61 45 37 63 2 34 66 77 23 31 32 60 19 29
56 62 55 48 24 27 52 66 26 79 13 10 42 46 16 6 55 59 4 51 11 67 72 18 55 64 67 60 24 41 1000000 4 80 35 54 70 50 71 12 35 69 67 43 20 53 5 24 50 59 47 7 54 68 23 12 77 63 13 75 67 46 78 72 6 24 10 26 57 65 75 13 46 67 60 67 58 58 9 26 67 27 63 42 63 41 68 7 63 35 60 13 45 10 24 30 60 54 70 74 50 15 52 60 34 30 14 3 25 68 4 5 76 50 58 7 6 26 32 37 64 21 25 6 77 72 75 63 64 78 15 4 4 26 22 16 50 68 55 31 18 26 34 37 26 33 48 73 77 41 38 21
77 34 55 57 28 5 56 30 56 40 53 22 17 53 17 45 33 19 14 68 55 47 20 80 37 55 68 32 17 2 73 1000000 41 48 40 54 71 27 15 4 40 70 35 65 5 19 69 74 8 63 58 28 23 56 29 15 62 55 56 9 16 40 75 12 20 2 25 21 57 80 46 14 65 36 5 64 21 54 48 14 2 35 72 65 45 47 62 57 66 59 6 42 80 61 74 42 65 41 36 29 17 3 75 6 69 40 35 11 17 80 77 7 30 59 51 24 63 3 42 13 43 76 52 75 36 69 37 67 62 80 56 45 26 27 36 53 17 31 59 68 20 79 19 29 69 23 71 65 10 43 11
54 61 37 47 7 51 80 14 30 47 16 45 78 23 16 72 17 15 78 6 44 30 36 65 14 20 35 33 8 41 11 5 1000000 30 23 12 37 61 54 78 43 74 55 48 11 30 40 27 7 59 15 8 11 21 30 38 33 30 5 63 31 25 65 34 36 65 76 56 32 72 11 75 6 2 74 78 8 23 48 25 47 38 52 52 37 39 15 76 63 68 57 26 17 3 32 73 43 6 28 24 51 79 13 75 49 63 27 39 54 74 64 30 43 55 55 46 10 78 61 16 39 48 4 7 39 34 5 39 4 61 25 66 64 45 34 58 32 37 5 51 16 47 11 50 44 76 65 44 57 21 65
31 3 10 53 54 25 32 56 18 10 17 10 44 78 43 58 65 47 18 50 24 10 64 2 26 10 20 19 31 2 49 24 30 1000000 40 38 76 18 69 46 59 31 45 8 23 45 66 40 43 23 19 70 29 9 6 28 50 31 29 38 27 9 79 62 33 19 73 14 72 77 33 43 68 56 57 56 65 43 12 77 21 17 13 26 80 24 63 55 41 9 71 11 75 13 53 27 38 13 24 46 14 59 40 48 47 68 33 43 32 42 4 50 20 24 80 36 36 64 31 13 47 12 15 12 17 33 36 44 37 51 46 71 71 38 21 37 13 10 55 15 76 18 62 25 70 47 62 11 57 15 69
42 23 48 23 20 33 75 48 21 35 35 53 76 37 80 52 65 32 9 53 67 69 28 12 21 18 74 33 6 48 50 64 80 76 1000000 14 30 47 71 42 28 33 45 70 20 45 43 75 58 19 74 34 57 59 52 36 44 77 9 24 62 29 59 44 78 43 58 49 70 37 56 32 17 13 49 56 6 25 69 23 71 39 49 52 76 48 75 4 25 5 34 22 31 41 41 2 42 32 41 75 70 20 72 46 6 72 37 63 6 4 35 49 76 33 39 11 6 77 27 6 54 18 12 44 46 73 30 8 24 49 50 24 7 54 77 50 39 9 2 10 67 53 80 47 17 80 47 44 48 51 65
26 32 42 45 10 10 3 62 25 3 4 18 80 45 17 54 22 54 3 80 33 8 22 55 39 58 47 13 10 45 72 6 76 39 72 1000000 64 49 40 10 13 52 14 24 3 61 76 26 22 43 73 42 14 57 10 65 62 27 27 69 76 36 61 48 68 30 63 54 6 14 25 51 14 58 13 14 32 6 26 17 21 19 13 48 73 33 38 9 13 43 67 60 71 24 17 24 80 72 27 57 40 63 40 32 38 11 73 45 78 66 25 10 10 49 31 66 8 9 20 5 65 59 43 22 43 71 71 24 39 11 54 17 73 13 5 57 6 65 80 15 30 50 67 39 6 41 13 77 71 45 42
52 51 7 69 7 62 27 72 19 36 23 80 67 69 54 3 30 58 79 3 7 70 38 10 74 7 20 11 63 70 31 12 76 67 16 64 1000000 2 29 58 21 35 23 37 27 23 54 59 5 75 37 33 35 5 60 63 38 52 30 75 5 11 48 78 38 27 14 49 15 67 64 54 16 32 75 23 65 58 11 67 60 54 16 70 72 80 33 49 13 29 22 23 72 79 41 5 20 61 32 63 72 50 27 3 76 67 41 21 4 65 67 53 30 78 37 12 79 72 11 39 40 25 13 25 49 36 61 17 47 70 27 41 4 24 70 41 34 18 51 34 78 75 42 49 59 80 19 63 16 14 5
52 27 69 46 60 25 19 3 3 6 17 49 25 56 40 41 37 41 4 57 79 52 39 37 79 14 30 28 70 34 75 29 74 17 23 11 61 1000000 9 62 6 54 52 35 51 63 38 11 14 64 54 68 53 33 53 58 2 40 33 19 50 53 7 54 25 46 40 47 4 79 61 69 39 51 58 76 22 4 60 50 73 5 9 79 55 57 58 79 30 76 27 49 7 70 48 20 61 52 19 14 44 4 31 75 5 27 27 54 62 47 21 43 22 30 14 30 3 7 4 62 17 36 54 61 69 37 60 13 28 54 57 55 54 63 49 18 59 67 32 22 78 15 19 12 34 40 2 23 5 2 5
23 35 7 12 33 27 67 42 28 80 61 65 7 67 11 35 40 16 15 48 67 48 13 43 80 6 12 49 47 4 19 26 46 27 75 28 75 69 1000000 75 60 5 6 75 47 32 72 35 13 69 69 20 16 58 67 56 39 78 22 69 3 44 61 51 62 48 75 45 80 43 65 41 13 39 49 6 77 68 24 51 58 56 57 26 78 43 23 68 70 16 37 61 40 8 27 2 72 45 18 80 61 19 71 66 15 26 66 5 7 25 54 72 19 24 42 76 7 8 2 46 37 51 67 46 73 73 59 22 3 46 57 38 78 45 33 17 64 50 14 51 28 42 71 31 25 36 43 29 56 37 10
21 61 11 36 66 11 16 58 23 61 32 40 59 76 56 24 50 15 67 6 51 27 80 54 74 57 67 58 10 24 38 27 55 30 62 50 11 21 26 1000000 41 21 20 77 43 13 2 36 77 79 41 6 62 27 63 77 23 10 55 49 8 37 63 73 24 22 22 13 36 56 17 41 25 18 78 70 63 71 56 42 79 38 58 64 19 42 15 78 17 66 77 36 19 39 75 7 61 61 79 62 21 22 71 37 13 20 51 16 54 32 3 30 71 41 61 65 31 3 55 15 59 54 5 35 16 78 33 73 66 60 7 20 23 75 2 78 46 36 70 80 38 22 56 58 25 56 79 35 39 50 12
10 48 47 55 44 19 57 71 22 74 8 40 3 64 29 12 12 45 19 8 42 73 53 74 67 3 55 6 12 43 58 13 34 76 4 31 14 17 7 69 1000000 70 2 36 47 44 56 73 29 64 79 25 5 39 32 38 57 24 60 4 51 19 39 45 40 77 44 15 17 65 34 57 41 21 15 64 80 16 62 9 61 65 27 37 32 44 61 80 43 54 18 62 40 48 25 16 56 53 67 62 31 31 26 6 43 62 46 7 74 71 24 80 43 37 12 55 29 65 38 41 74 54 34 52 43 60 45 35 51 37 12 45 71 14 13 7 26 9 67 35 41 48 60 32 40 70 45 37 31 78 67
32 56 64 47 48 67 68 43 79 25 55 27 33 75 41 26 32 75 7 22 43 54 33 19 75 65 29 60 44 66 28 28 75 71 30 28 23 58 13 77 38 1000000 47 53 40 10 28 18 10 54 12 36 60 47 22 24 43 16 63 34 14 71 2 55 41 49 59 2 44 2 14 62 60 76 38 78 57 11 30 73 9 32 20 73 32 58 52 47 35 49 37 65 13 61 31 33 67 34 60 42 39 44 39 9 39 46 42 7 78 41 14 30 5 4 38 33 54 19 49 77 66 14 45 66 42 43 44 60 19 33 43 64 70 62 73 61 57 31 15 40 52 14 8 77 7 69 38 57 24 40 77
47 78 74 6 12 72 22 7 37 21 24 26 33 64 19 2 45 34 12 76 16 17 66 4 18 40 75 15 40 53 17 68 71 64 80 6 10 70 15 73 21 33 1000000 80 77 59 70 73 34 51 10 62 69 39 33 75 43 74 52 14 57 5 55 76 76 11 36 16 73 70 15 66 25 75 53 27 68 39 29 47 46 35 35 45 61 12 74 47 28 70 6 29 18 16 3 32 46 69 25 70 8 46 41 13 60 22 66 6 8 64 9 46 75 16 29 10 19 26 15 79 42 63 47 77 40 48 55 27 48 57 25 23 30 51 35 63 77 10 75 40 45 69 8 16 77 60 65 18 26 67 23
59 3 59 2 69 55 47 18 18 49 6 76 24 62 54 62 10 70 54 35 44 16 80 53 12 32 36 41 31 49 7 59 34 41 77 58 22 31 18 34 67 9 58 1000000 76 52 68 13 63 70 72 6 49 46 13 70 35 3 38 69 32 23 23 11 64 56 78 28 54 68 45 46 3 33 24 63 55 3 63 23 34 68 78 65 71 24 70 62 79 76 78 2 15 78 61 37 26 53 25 59 45 54 71 72 3 67 32 26 63 34 56 12 48 62 54 66 69 79 5 68 64 57 64 78 80 66 14 28 78 77 33 47 56 4 57 28 73 76 21 40 50 31 57 36 54 32 79 16 9 13 73
70 44 39 7 73 33 68 60 44 20 29 41 40 30 11 15 19 71 42 71 39 79 65 45 62 22 71 62 16 34 80 70 21 10 27 49 12 46 16 62 74 55 37 42 1000000 33 19 21 6 24 18 51 32 47 67 22 49 77 58 66 9 59 20 46 32 63 4 51 76 13 26 37 68 50 79 77 2 57 34 30 6 18 34 72 15 24 68 13 67 16 63 78 75 2 79 77 30 8 59 33 15 11 52 37 5 2 26 35 20 56 20 32 28 7 27 7 55 53 52 11 13 72 66 20 26 63 50 53 53 30 69 50 37 48 77 56 4 30 62 61 61 70 35 46 77 11 66 2 65 16 73
74 64 7 69 5 27 18 54 20 46 67 32 78 2 74 3 62 31 57 14 73 70 30 55 43 40 46 23 74 16 41 61 24 77 48 15 50 59 52 54 79 23 34 59 46 1000000 31 44 72 11 56 2 20 15 72 50 19 51 3 67 6 68 7 71 23 74 31 59 47 41 15 19 40 69 12 38 16 76 52 17 39 3 69 73 43 58 62 50 10 23 42 29 68 54 2 10 76 50 35 13 62 30 69 73 61 20 20 58 2 78 26 52 75 25 80 31 75 8 71 49 71 3 11 48 55 80 58 32 40 6 55 45 55 43 4 58 37 44 9 14 61 6 74 30 22 33 78 7 59 21 18
46 65 20 47 71 72 53 16 42 61 67 34 5 74 61 37 76 31 12 64 7 9 65 16 32 60 37 80 29 18 76 17 53 62 63 5 29 6 74 40 62 60 9 2 58 41 1000000 21 60 11 71 6 22 40 41 30 46 28 72 76 5 39 6 54 30 53 72 73 53 65 23 56 65 70 67 63 66 76 13 43 39 49 68 21 75 72 69 13 45 17 26 39 41 51 21 73 47 27 61 37 2 56 64 69 13 71 31 6 36 50 13 75 53 28 42 29 35 45 9 11 21 68 53 35 52 6 19 57 77 51 48 52 73 16 53 24 52 75 75 59 14 71 30 73 44 70 57 79 32 53 51
58 39 44 27 20 80 34 51 76 56 6 14 60 20 24 25 4 45 4 15 37 11 49 3 79 42 57 14 56 46 2 24 58 44 48 30 26 66 4 25 43 57 66 55 23 35 27 1000000 27 34 17 68 31 71 46 40 76 21 51 80 70 68 39 3 76 63 16 42 21 35 17 9 65 63 77 73 36 53 54 36 30 63 32 22 48 27 6 31 44 44 47 42 7 16 80 66 62 63 34 12 48 29 40 54 65 77 21 42 69 47 37 12 54 20 23 43 71 3 76 46 65 77 52 11 77 69 71 9 17 78 31 4 74 62 80 16 29 57 32 80 31 11 52 2 58 19 75 3 6 78 74
19 41 56 4 62 72 8 18 56 14 32 76 71 43 27 80 62 70 42 65 3 58 6 26 58 22 78 51 60 76 23 22 10 38 55 71 38 8 57 77 53 56 38 41 70 20 3 41 1000000 48 63 13 75 61 71 30 58 54 53 22 78 55 45 13 78 28 79 18 64 18 18 66 67 14 45 9 9 55 17 78 20 13 38 45 3 70 15 14 42 21 32 33 38 3 37 18 3 78 66 65 21 47 30 49 30 31 35 48 23 62 17 36 36 44 45 61 18 26 39 65 7 80 79 70 56 48 66 21 70 35 7 58 2 73 51 66 12 75 56 51 64 40 42 65 30 74 39 58 11 15 50
31 16 50 24 29 32 12 65 74 46 8 28 27 54 80 44 75 57 29 20 44 63 67 39 9 32 56 17 71 10 9 2 10 78 21 26 68 6 70 25 45 48 56 68 51 17 10 24 32 1000000 3 57 17 9 62 76 66 80 18 9 35 74 41 3 38 72 11 79 49 40 49 27 17 77 63 47 9 75 42 31 79 29 64 6 75 20 35 23 18 16 63 16 72 55 74 49 33 49 22 19 52 58 58 55 15 58 13 3 60 26 71 35 73 70 55 23 74 38 8 50 65 68 27 41 35 48 31 67 65 72 48 30 9 70 69 75 15 66 23 11 33 68 64 59 62 5 52 3 56 80 4
73 17 2 32 3 64 37 30 8 25 51 70 73 2 18 52 79 12 77 64 8 33 56 26 42 46 46 33 73 41 51 16 25 11 18 6 19 45 31 21 44 30 41 66 27 65 29 46 25 11 1000000 58 76 58 34 20 10 40 80 13 64 75 28 15 25 49 38 45 5 71 11 77 53 46 11 46 69 37 75 74 54 58 32 30 57 46 48 36 58 66 5 28 67 62 25 43 62 12 23 59 79 43 37 30 75 49 72 19 60 50 48 44 72 11 68 27 63 32 33 51 65 28 5 43 39 71 23 3 9 23 14 57 35 43 77 41 75 4 60 33 54 8 29 26 62 20 59 61 57 14 47
70 41 61 19 75 41 37 65 40 72 27 15 17 33 40 12 48 72 76 76 4 63 79 42 71 62 79 77 63 11 18 16 38 69 59 26 17 60 54 15 45 79 27 50 3 72 66 20 43 53 63 1000000 66 11 48 69 62 62 20 26 79 22 78 72 3 56 72 12 18 54 17 50 59 66 8 72 6 9 9 54 40 5 17 36 53 47 39 14 37 55 76 37 8 3 38 76 73 42 4 70 18 19 36 23 62 43 52 17 74 29 35 9 14 15 76 50 8 41 76 69 38 80 61 75 38 11 77 50 34 10 75 41 67 28 49 7 27 10 29 50 37 50 47 24 14 21 2 20 32 51 58
67 39 9 50 21 10 56 24 30 32 32 64 74 46 29 13 33 2 4 79 26 24 50 16 10 54 11 74 9 50 32 30 56 77 72 66 54 14 18 48 45 39 5 44 22 41 2 28 65 20 44 50 1000000 40 62 45 70 43 38 11 5 13 32 59 79 54 33 20 26 3 62 76 45 36 23 60 5 67 42 18 56 19 45 56 8 46 62 50 46 25 14 47 19 74 37 21 28 56 44 28 21 41 75 79 44 72 26 56 37 57 49 23 38 55 11 33 63 14 31 15 38 45 48 36 79 57 3 34 6 24 50 70 33 15 70 4 45 59 80 64 71 63 10 2 44 11 22 72 58 43 46
46 41 39 23 18 44 22 57 45 61 3 44 35 4 62 19 34 26 43 76 3 7 57 69 80 67 13 17 26 10 6 35 13 32 37 65 16 5 62 36 75 61 58 67 42 32 24 48 25 61 21 65 46 1000000 71 13 41 45 73 3 74 51 75 51 74 34 52 21 64 46 24 50 12 16 65 22 36 40 52 25 54 33 37 68 23 62 31 33 49 80 79 25 26 69 11 43 79 19 50 4 15 72 22 46 78 67 45 39 10 10 14 41 65 77 51 41 67 5 51 48 21 43 11 27 21 32 61 13 45 10 62 31 79 70 38 70 36 12 70 5 65 55 76 42 55 30 40 10 36 2 19
37 64 44 12 37 49 46 23 39 71 56 13 55 65 18 38 58 52 23 67 32 21 12 5 37 7 40 48 57 43 30 33 11 42 72 24 48 24 19 43 69 14 67 26 19 8 56 35 18 30 18 77 31 68 1000000 32 14 66 17 27 11 51 47 47 41 45 20 29 5 34 56 35 65 46 20 59 4 78 69 53 9 39 6 72 17 31 71 36 51 33 80 6 74 35 54 76 13 50 70 71 79 33 50 66 21 19 79 71 30 76 23 68 48 17 6 8 75 61 38 28 22 59 9 27 77 4 25 25 30 34 41 36 20 33 31 2 55 35 31 26 24 36 7 23 39 65 24 32 76 46 4
13 47 27 20 68 53 3 19 64 70 27 75 66 59 48 51 8 67 45 55 12 64 17 14 65 25 71 22 7 6 67 52 52 6 26 24 34 24 43 51 22 20 54 78 73 55 32 63 60 62 27 62 41 26 44 1000000 74 11 59 6 44 63 5 50 76 45 12 11 25 9 32 6 36 26 64 57 72 63 38 9 9 79 66 35 76 61 72 3 40 63 50 9 16 68 33 42 66 53 20 20 65 58 79 47 70 4 72 74 63 32 56 50 39 37 60 32 64 48 15 49 65 20 61 31 45 36 36 60 17 62 18 30 27 59 35 47 43 52 55 57 33 59 65 43 2 78 40 58 16 36 50
38 53 76 55 76 20 9 5 45 5 65 75 13 21 40 80 25 13 53 59 35 42 80 4 55 8 17 56 26 48 78 21 41 46 27 39 60 65 60 40 5 22 9 37 7 48 20 80 62 30 4 49 12 6 43 16 1000000 26 47 39 39 45 79 73 45 9 32 29 47 9 63 35 69 71 58 55 20 37 19 18 71 60 5 6 3 72 10 57 55 34 51 67 38 63 17 61 11 4 46 70 19 50 26 47 51 79 18 80 10 25 73 14 11 46 59 6 41 40 29 41 51 12 30 49 74 76 70 45 29 80 5 18 16 55 10 19 60 24 29 26 26 34 52 38 17 14 19 49 26 79 61
69 52 32 5 38 46 4 35 49 75 78 56 3 50 18 51 75 32 22 14 20 28 11 38 77 11 58 12 19 74 79 18 19 30 2 56 22 10 30 20 72 37 46 37 38 80 67 38 45 19 14 51 18 38 15 50 7 1000000 6 7 65 61 40 4 58 9 2 67 66 12 47 10 26 77 20 58 2 67 22 19 67 51 69 31 13 15 16 10 24 52 59 56 54 15 10 79 6 64 17 38 72 40 5 35 29 3 21 64 26 60 61 59 24 27 26 47 60 2 54 34 42 41 60 8 44 21 15 63 59 20 27 9 65 43 52 62 67 48 9 60 77 14 12 22 75 32 15 67 14 62 9
75 50 21 43 74 62 3 18 7 59 15 73 61 80 17 78 26 49 4 78 37 43 52 27 51 3 50 12 48 15 70 57 32 36 39 59 52 36 6 47 45 41 67 37 52 69 40 57 60 52 15 32 76 79 65 15 11 74 1000000 52 66 21 39 58 34 48 9 80 73 72 19 26 9 77 37 4 20 71 50 33 18 32 48 43 52 35 64 40 36 12 67 68 62 72 56 18 54 28 78 25 19 18 39 19 15 54 64 8 24 44 39 29 71 48 66 18 24 5 29 75 59 44 64 26 43 23 66 11 50 28 31 5 76 6 21 27 59 80 31 15 80 19 74 72 63 27 75 73 50 35 7
44 78 78 18 7 20 7 52 71 64 73 6 30 30 52 48 80 76 13 74 4 21 5 75 33 54 16 73 26 19 62 62 6 32 71 72 20 52 17 78 60 62 44 54 7 51 13 75 25 35 70 9 47 63 10 71 22 71 55 1000000 73 47 57 56 17 8 24 60 24 32 37 20 10 4 78 48 73 30 60 51 7 17 59 61 67 26 80 29 57 4 77 68 46 14 71 18 80 20 57 76 74 2 7 63 42 16 43 36 46 19 41 22 78 31 51 63 17 13 61 7 59 17 56 2 67 32 24 78 17 7 74 39 56 61 19 36 48 19 12 26 16 4 72 78 26 37 47 63 61 22 50
62 23 55 79 18 76 62 8 75 43 9 69 35 49 9 33 70 5 31 46 68 58 28 79 62 75 74 54 79 9 44 45 35 78 57 61 21 19 45 25 51 21 60 27 14 56 52 3 37 79 41 71 40 20 67 15 39 15 33 20 1000000 49 80 70 76 78 57 26 9 22 70 25 23 23 30 59 47 69 5 47 20 28 23 77 30 26 53 21 21 77 6 68 24 9 44 38 60 61 73 48 27 6 48 27 67 37 56 5 55 60 52 23 4 61 74 25 77 65 18 78 56 54 57 46 64 65 79 35 29 30 35 43 17 34 11 3 71 55 33 50 42 72 28 33 23 64 56 80 49 59 41
34 50 77 69 63 48 65 73 62 4 34 73 7 37 67 32 30 80 33 7 11 71 12 49 4 33 74 30 51 75 44 40 20 62 17 47 2 56 70 18 38 24 10 14 30 40 62 38 63 46 46 11 39 3 51 33 80 35 37 61 8 1000000 14 7 31 8 8 58 55 64 68 59 23 76 78 40 2 38 18 60 14 18 45 56 54 79 38 47 60 49 7 17 30 21 50 35 31 24 73 46 39 69 67 21 73 56 66 11 35 17 17 22 70 65 11 16 80 65 7 8 8 2 54 80 25 10 53 24 52 63 22 35 21 19 16 49 24 18 12 64 69 80 8 8 64 23 9 60 43 14 63
14 9 43 8 44 48 65 24 37 43 47 3 33 52 60 4 24 11 41 67 41 74 33 44 73 44 49 52 64 62 11 21 13 46 45 34 3 14 15 44 34 60 9 74 46 68 54 18 44 66 30 45 74 48 35 8 20 60 34 60 62 9 1000000 8 78 56 10 55 29 7 52 73 74 28 77 68 23 32 11 67 36 7 45 62 17 9 40 79 40 74 11 50 32 58 72 21 22 13 56 27 65 16 32 68 11 47 27 77 5 67 25 43 59 13 5 31 41 23 43 42 48 19 6 51 25 32 24 59 59 66 30 77 79 6 22 14 70 5 50 59 49 13 3 14 24 72 9 22 31 47 64
70 36 55 46 42 78 47 59 57 46 70 23 61 23 3 45 33 23 48 74 71 13 3 37 18 5 51 41 36 16 48 14 72 43 53 61 70 51 11 66 74 21 38 73 45 12 62 30 40 2 15 67 23 10 5 40 3 15 52 23 67 48 60 1000000 41 11 64 3 11 73 14 6 21 52 33 40 28 21 23 54 45 16 67 28 61 53 45 14 48 68 43 39 17 27 34 16 6 57 8 64 61 63 74 15 79 7 56 22 65 39 32 38 54 27 29 58 43 46 78 56 12 18 8 36 11 64 78 72 18 76 62 70 17 24 69 12 54 77 26 63 36 17 12 49 21 68 13 76 41 26 75
59 79 76 60 56 76 52 28 24 30 5 77 5 15 6 22 56 33 47 60 24 74 32 53 41 77 55 67 57 32 63 27 34 4 11 63 63 25 33 27 55 37 74 58 23 43 18 10 29 18 76 73 30 29 5 20 8 53 43 45 70 38 60 71 1000000 7 71 6 48 30 56 72 34 23 45 48 21 19 30 10 29 23 34 11 5 78 37 70 25 5 72 12 37 56 13 49 27 20 45 18 41 25 47 26 52 45 18 20 28 25 23 30 40 37 17 77 21 28 21 43 25 73 14 36 75 38 27 72 53 25 24 6 60 40 74 16 15 20 62 75 34 16 31 55 60 49 35 35 5 78 63
46 5 16 49 10 21 36 26 8 67 7 68 55 26 63 70 44 44 17 42 75 29 67 55 80 27 20 12 40 19 28 15 62 27 23 44 4 57 47 57 77 60 8 46 10 10 18 36 64 65 39 51 10 28 77 14 15 59 25 7 66 77 47 60 76 1000000 60 77 45 7 9 14 6 17 21 66 71 11 46 55 9 4 19 55 47 7 8 43 18 63 54 62 43 75 73 29 9 16 4 68 39 19 37 45 60 73 37 75 7 19 79 38 24 43 78 5 11 39 55 19 63 72 9 30 61 30 30 8 69 25 58 9 6 29 54 48 55 53 79 27 55 6 20 27 17 67 27 59 25 50 28
3 50 16 17 23 21 61 9 3 68 68 41 15 36 44 45 46 31 2 59 17 65 34 20 59 30 69 50 43 55 17 71 36 16 24 30 71 46 51 24 26 24 21 26 12 46 4 33 71 12 55 12 5 32 21 33 46 22 32 26 6 51 38 15 44 15 1000000 34 42 4 45 10 6 44 69 41 19 45 18 4 20 61 71 25 49 49 34 28 37 18 44 74 24 73 27 27 47 45 41 22 57 64 49 52 3 35 6 8 79 23 16 58 27 22 67 78 45 72 31 7 41 8 12 30 6 10 44 75 32 49 49 70 29 77 43 71 73 79 23 78 17 4 68 27 40 68 34 36 53 44 78
74 60 30 50 41 22 44 25 13 25 14 23 2 56 52 60 15 18 60 77 66 66 72 75 42 74 5 59 59 16 48 39 62 17 78 18 18 17 63 34 31 79 49 71 17 78 58 3 41 8 54 38 64 58 23 30 4 28 42 7 73 8 21 9 53 2 12 1000000 70 34 67 10 71 70 9 21 61 75 15 43 17 39 32 69 42 14 33 57 9 9 6 77 2 2 72 65 72 35 68 72 45 5 58 14 5 73 31 54 60 57 35 45 32 16 76 27 2 78 57 73 35 57 48 60 39 40 79 43 40 13 4 28 12 75 47 77 45 3 21 25 6 8 62 63 60 2 44 10 23 29 22
75 2 29 25 26 38 5 9 79 16 73 9 78 75 32 9 9 67 32 3 54 63 43 49 18 5 7 58 34 28 68 56 8 30 2 74 66 48 41 11 52 14 9 34 66 55 68 77 26 44 56 26 76 73 68 11 39 51 55 22 62 55 57 36 57 48 75 45 1000000 50 5 36 48 11 72 43 18 42 11 63 2 76 46 23 5 35 69 63 37 7 5 21 71 74 5 67 23 44 49 52 78 77 75 74 27 26 31 65 33 10 22 44 54 14 45 62 28 79 70 35 21 56 26 43 25 64 43 42 21 32 70 24 3 48 51 13 45 64 72 31 21 53 78 57 2 37 70 75 5 55 71
45 13 49 24 70 24 18 12 56 13 66 67 17 62 9 79 69 52 25 68 50 32 47 23 16 29 11 25 70 69 39 41 64 38 77 33 50 66 33 22 41 31 16 47 77 78 8 43 3 23 47 20 29 11 21 52 58 64 12 45 51 63 28 20 43 72 78 19 29 1000000 58 4 67 51 51 65 16 75 19 76 4 21 55 12 42 31 34 44 18 60 50 27 2 71 26 61 78 20 30 78 75 21 17 62 16 60 75 35 10 35 75 39 46 52 10 41 49 6 62 41 37 78 15 45 26 5 19 40 30 66 20 68 26 30 29 30 24 9 35 3 39 42 52 33 13 50 52 71 17 59 64
19 17 10 20 51 68 3 12 3 44 76 48 68 21 55 51 3 78 10 74 46 12 79 49 71 10 41 50 16 76 24 48 67 37 15 2 3 4 23 25 34 37 14 53 41 78 54 67 53 20 58 39 54 38 24 40 37 20 48 64 33 76 13 4 5 4 50 30 58 60 1000000 63 79 79 62 59 63 80 80 49 46 71 68 55 6 32 76 53 28 59 53 24 34 26 50 34 13 42 34 55 39 35 24 28 69 4 66 41 19 3 68 41 6 64 79 42 47 23 67 22 72 66 36 39 32 24 45 41 20 33 66 41 62 51 73 23 55 31 57 21 73 43 48 57 26 13 11 73 66 62 8
2 20 11 75 45 64 13 69 38 7 41 6 35 43 18 39 62 69 33 71 26 20 58 41 5 10 41 80 51 44 22 19 23 3 65 52 56 66 56 4 75 73 23 3 23 62 4 60 44 47 68 80 60 15 68 44 16 63 49 53 34 16 74 13 55 71 61 29 38 5 14 1000000 16 13 72 9 25 40 43 26 62 29 71 70 25 42 13 79 4 18 22 6 62 26 75 27 70 69 62 66 42 58 57 12 39 37 61 35 21 38 38 69 49 55 78 27 72 12 37 65 44 8 30 47 60 66 14 73 12 33 21 68 35 71 27 10 26 50 15 74 16 21 43 66 70 60 2 29 23 32 30
72 48 7 62 58 69 16 11 75 49 38 73 60 52 22 20 15 60 4 9 36 21 62 56 24 26 73 69 78 21 67 8 9 42 25 3 69 21 64 17 27 53 49 5 55 80 48 15 46 71 6 35 22 46 3 61 59 79 42 68 42 30 46 33 18 51 13 42 48 76 14 50 1000000 72 64 31 64 76 79 52 38 72 58 14 15 19 51 80 24 75 73 44 26 44 55 54 49 13 41 67 21 72 68 37 59 7 73 41 46 74 43 5 42 53 53 8 56 79 70 77 9 80 33 39 4 37 71 66 36 73 4 25 24 2 80 74 16 74 11 77 45 58 64 2 20 73 30 59 27 43 39
79 36 20 44 28 29 51 23 74 51 24 51 34 61 27 70 56 27 11 15 6 54 76 32 69 44 23 42 63 47 59 55 69 35 31 62 13 6 66 79 68 57 51 16 58 23 56 73 27 69 53 31 57 12 60 72 4 22 74 68 16 27 25 2 16 33 54 79 58 66 23 79 33 1000000 6 73 34 50 32 65 21 73 73 24 75 29 77 68 23 67 78 10 72 70 41 25 32 23 57 57 32 31 11 41 27 61 11 26 51 80 29 75 59 17 43 71 71 62 5 30 22 34 3 26 74 76 67 16 24 56 11 68 75 76 46 24 3 66 47 28 40 61 63 27 25 64 43 17 51 51 46
64 29 20 40 14 51 35 36 66 22 59 14 16 3 71 33 47 40 68 19 36 54 53 77 26 44 59 25 27 68 15 62 10 59 59 7 60 77 31 73 35 20 60 55 76 18 35 80 23 41 80 6 27 14 24 77 25 17 71 22 50 39 79 15 78 79 33 71 74 5 61 6 38 5 1000000 57 51 18 47 71 19 73 10 61 75 45 80 22 34 44 58 8 76 14 65 41 17 64 24 4 79 10 25 13 37 42 37 20 60 9 27 52 47 48 44 28 8 23 63 53 65 24 80 70 41 8 78 38 56 48 26 14 65 43 43 39 47 46 2 2 37 41 30 19 31 72 60 6 39 26 70
26 65 69 2 39 60 66 62 47 54 80 17 71 14 63 10 38 47 43 66 47 3 56 49 76 74 50 71 32 47 64 15 8 60 58 35 65 14 32 79 14 11 51 29 22 22 23 65 58 77 60 68 12 52 37 38 78 65 34 46 66 25 45 11 11 72 50 46 53 64 31 4 48 34 32 1000000 44 76 40 46 26 25 38 70 45 48 74 55 47 54 9 6 5 20 6 28 7 5 76 36 5 16 4 53 54 36 65 50 58 34 61 36 67 71 78 67 55 57 47 9 21 43 12 30 36 7 70 23 61 37 10 20 66 80 50 27 11 45 56 56 22 67 17 9 12 77 10 44 37 42 43
9 72 51 38 5 37 69 58 57 38 78 39 64 70 6 2 25 56 20 28 15 68 59 31 61 13 16 62 39 64 14 68 62 29 53 32 13 33 30 46 67 23 21 29 78 46 15 33 78 77 38 37 24 21 22 35 34 60 66 20 50 73 27 23 50 5 36 11 46 2 3 61 80 35 59 56 1000000 45 11 43 46 3 52 53 33 51 68 17 39 44 31 24 61 68 60 43 55 7 8 31 7 18 15 51 64 22 7 58 55 54 43 44 27 69 79 25 68 76 56 21 34 17 43 41 13 5 4 61 48 33 70 62 20 48 27 33 14 20 29 60 47 57 69 7 47 71 64 37 17 11 55
67 31 4 2 12 7 20 31 37 67 12 68 26 78 6 58 55 41 48 54 13 14 80 58 67 69 2 37 26 8 53 5 35 27 30 78 65 19 77 65 19 76 68 53 20 68 67 67 21 8 77 10 59 21 31 31 10 49 52 41 73 36 27 54 60 51 41 52 59 3 21 60 35 61 55 29 3 1000000 60 22 21 22 29 28 4 29 45 17 43 62 28 3 25 57 40 58 78 17 21 45 43 9 44 77 59 3 54 16 44 51 76 37 18 75 38 27 22 44 35 5 9 43 14 60 54 39 77 52 17 24 13 24 40 77 46 68 48 35 48 16 53 19 46 39 32 5 51 18 68 69 45
20 43 34 47 22 31 33 44 12 64 49 7 41 69 52 37 37 50 38 37 34 7 49 16 60 23 6 51 63 48 18 63 2 74 19 76 70 22 41 8 12 54 66 23 49 50 56 35 79 42 68 79 9 14 12 16 22 29 9 56 49 58 54 40 41 57 50 68 9 26 20 5 4 49 42 33 13 13 1000000 2 33 6 61 26 61 51 51 80 8 8 46 57 52 54 73 5 42 68 17 79 42 26 58 34 19 49 66 79 66 72 20 2 70 10 51 31 58 45 66 67 34 57 23 45 53 18 64 74 6 45 6 36 78 45 52 49 60 74 49 45 66 60 5 77 66 14 2 38 59 16 29
53 37 58 67 65 26 65 66 34 45 20 68 12 12 23 54 7 38 46 9 39 41 27 75 62 13 65 69 60 49 23 3 50 76 24 25 32 72 4 18 70 6 69 23 24 77 41 65 51 34 33 69 65 63 71 14 73 8 6 3 76 66 50 56 50 26 80 71 60 21 6 68 41 72 51 33 32 3 61 1000000 25 24 3 20 8 75 34 2 15 5 47 10 11 52 78 46 58 26 57 49 35 34 11 53 45 55 23 33 15 72 55 72 77 14 27 27 31 53 33 26 19 30 66 47 38 23 11 19 44 44 17 10 8 5 52 34 14 29 8 76 38 38 38 9 71 65 67 71 53 20 53
53 15 13 48 30 10 31 41 76 44 73 39 22 15 52 55 71 5 63 58 41 28 80 9 35 63 77 36 75 4 54 24 34 33 60 15 44 28 36 57 3 76 2 50 43 59 37 8 11 56 62 14 24 66 51 78 24 15 4 59 63 63 27 75 48 64 66 68 31 2 56 72 25 15 46 73 38 57 17 23 1000000 59 36 70 33 15 33 32 27 9 79 38 34 30 27 13 25 40 14 8 58 53 19 18 64 10 62 22 48 10 66 22 6 76 22 3 57 2 24 67 11 35 72 58 64 44 71 11 58 76 58 47 17 58 46 45 16 32 18 33 49 26 38 8 38 22 71 58 37 22 66
77 51 46 35 39 63 15 58 31 42 59 11 70 63 36 10 11 56 74 40 22 5 11 29 16 9 58 76 48 65 12 54 79 43 34 57 47 18 60 5 50 53 27 11 64 32 71 31 50 9 66 17 9 61 61 19 60 68 27 47 33 28 3 47 62 73 3 7 21 43 34 44 39 69 8 50 68 70 42 37 29 1000000 50 44 35 57 19 18 22 78 28 57 46 72 76 74 44 23 72 48 38 40 53 34 56 31 78 57 56 60 59 2 69 59 72 62 47 72 75 51 64 74 62 52 70 5 74 4 3 23 12 70 78 30 47 22 76 42 38 36 14 11 22 33 12 76 71 76 39 67 44
3 48 13 37 42 74 28 37 22 64 57 64 69 25 55 2 76 23 31 45 14 12 58 72 57 63 29 63 70 39 63 70 47 53 66 68 46 20 43 56 46 51 24 54 7 54 76 49 64 72 62 32 26 55 31 15 3 27 2 38 67 35 67 48 52 31 56 34 47 48 16 48 68 53 20 31 6 4 63 7 26 2 1000000 33 49 45 10 38 72 52 71 8 28 22 68 44 21 34 13 33 64 54 76 18 27 40 74 10 71 51 12 3 31 65 43 29 32 51 65 47 11 12 55 18 51 26 74 21 22 38 76 60 58 29 64 71 61 38 19 18 36 11 59 55 63 15 62 3 48 14 68
33 54 15 43 13 19 50 75 25 55 78 68 9 31 32 14 4 3 44 51 61 35 19 8 26 20 40 5 74 13 25 23 56 68 29 23 56 56 46 43 62 54 26 72 73 78 37 40 29 68 36 40 55 60 77 75 55 55 70 22 10 69 80 38 28 48 6 7 76 11 4 17 24 12 68 64 46 29 48 27 73 19 50 1000000 75 39 12 46 30 71 42 56 35 27 40 20 71 15 35 18 33 74 17 23 75 48 14 55 19 65 9 67 26 66 62 70 27 26 33 78 78 40 54 8 5 38 80 49 59 50 60 6 61 64 29 64 76 33 45 8 42 12 27 68 77 9 36 31 58 54 29
38 49 54 30 51 30 18 31 51 77 35 75 30 34 75 13 34 10 47 15 29 49 48 8 67 8 79 60 3 38 71 34 53 76 75 56 80 49 68 79 49 20 26 80 54 47 34 45 76 21 37 59 6 73 27 36 64 4 7 27 59 32 2 43 62 11 59 35 42 65 77 7 37 32 73 58 77 9 27 21 32 74 75 37 1000000 31 32 19 74 45 39 76 57 40 32 41 21 46 24 7 2 63 49 68 2 25 17 43 63 21 67 65 79 35 18 60 29 21 50 55 48 32 13 61 64 74 34 75 12 41 49 2 65 33 65 60 55 14 2 74 4 4 39 75 56 63 26 55 14 21 38
34 7 19 36 60 15 29 77 76 20 44 69 41 5 35 71 8 75 47 75 51 46 19 66 46 30 6 70 35 53 2 26 49 52 75 50 60 68 13 16 32 55 48 18 39 48 69 63 67 68 38 74 10 37 31 2 31 51 22 51 62 13 10 30 7 16 25 14 47 8 24 30 51 50 11 28 65 20 45 15 45 63 74 9 2 1000000 43 27 79 19 32 19 61 32 49 48 19 49 12 63 65 46 52 62 7 20 75 27 59 48 61 11 46 49 5 72 14 50 28 24 8 55 70 3 40 20 3 79 22 4 44 22 52 27 7 32 2 27 77 59 53 17 54 22 22 78 11 74 63 51 21
56 21 61 17 46 28 3 14 63 51 38 53 80 67 15 26 53 45 2 61 23 69 73 51 33 13 77 32 32 25 20 23 60 40 29 57 33 8 33 41 33 27 46 28 40 53 42 79 68 43 26 48 72 16 59 5 22 51 79 58 60 23 34 24 64 74 72 36 14 40 60 27 71 78 77 35 71 50 12 67 23 16 33 51 33 9 1000000 70 79 64 18 40 75 32 44 30 78 13 19 4 7 74 28 18 65 21 9 11 2 61 25 59 69 18 10 27 30 50 6 39 57 66 19 75 52 56 21 14 12 68 21 48 16 9 15 62 22 58 12 27 71 5 79 34 63 54 27 37 64 6 52
24 10 62 78 43 27 58 80 31 14 67 15 79 9 53 21 28 44 48 70 25 50 22 4 57 72 36 44 26 66 32 4 76 13 25 30 21 80 31 31 40 42 16 10 42 46 31 37 38 34 21 64 11 65 78 53 27 40 52 17 58 57 79 70 68 10 40 62 61 10 33 70 26 80 62 61 19 72 50 7 78 63 76 50 19 12 13 1000000 61 39 8 62 64 13 3 65 55 41 20 63 22 62 25 53 18 57 65 59 27 8 12 63 70 25 15 27 3 2 76 25 57 47 37 33 10 28 28 78 16 25 34 73 26 10 57 6 26 57 18 32 52 52 63 78 41 33 68 7 11 56 21
43 45 71 74 51 41 45 21 77 6 50 61 67 2 73 32 73 24 51 30 20 40 18 17 11 7 70 45 40 56 21 25 31 75 49 62 78 65 8 42 29 64 35 54 80 31 39 76 61 16 71 34 24 57 23 16 63 26 69 3 73 18 24 63 2 56 3 28 57 23 49 10 15 79 22 74 75 13 38 19 51 41 47 73 60 39 38 19 1000000 33 57 30 12 5 60 11 66 27 22 79 9 19 26 67 56 76 48 24 57 75 2 11 27 79 44 70 5 80 69 13 41 55 58 62 23 24 43 56 79 25 45 45 32 16 29 63 78 23 16 61 40 72 33 54 69 37 4 71 27 80 45
36 53 41 40 16 33 8 28 7 25 35 12 7 19 75 56 33 24 40 48 5 12 29 42 19 76 19 67 78 69 48 21 19 73 66 28 59 21 59 77 8 51 37 53 8 27 51 3 11 25 12 66 49 6 8 69 74 49 47 20 4 11 6 46 39 32 23 20 43 56 40 63 33 58 33 44 27 74 66 51 35 40 13 6 78 49 5 55 60 1000000 18 78 71 65 59 78 59 6 29 30 62 52 53 19 52 26 10 18 22 30 53 65 7 58 30 7 80 42 43 39 23 24 73 36 44 60 50 50 30 40 13 30 69 59 25 21 49 5 11 14 24 55 62 42 55 16 28 3 17 59 28
16 55 68 47 62 42 8 79 18 3 33 71 20 47 32 13 77 57 37 12 39 74 7 65 28 43 35 6 28 67 42 22 12 62 65 43 57 79 69 7 53 57 16 35 66 41 64 73 62 65 75 31 5 29 41 20 34 68 4 33 75 53 15 42 66 74 29 39 11 56 17 68 39 37 79 43 9 15 3 30 61 5 22 19 20 63 75 10 61 37 1000000 23 8 47 79 78 27 62 48 31 32 22 51 38 29 75 14 74 43 26 13 8 50 22 8 17 48 26 12 29 77 2 12 66 51 65 73 58 70 41 50 15 42 60 32 33 19 38 40 44 77 9 53 54 9 49 30 14 33 30 43
79 25 71 55 9 29 50 41 22 46 62 16 49 28 19 2 21 65 56 46 17 27 74 79 34 79 35 77 80 10 27 60 69 7 54 66 37 51 31 58 17 17 38 27 24 9 76 67 35 75 39 41 60 38 70 31 57 69 20 71 61 68 39 26 43 31 25 77 33 74 25 18 80 53 37 38 57 29 42 23 76 10 16 7 58 68 49 63 22 80 27 1000000 68 56 26 26 7 8 55 6 77 31 45 38 58 38 53 7 34 50 69 80 75 52 43 65 60 59 47 26 9 32 53 37 18 20 54 10 37 48 58 54 14 59 22 61 4 40 16 67 9 11 3 36 3 72 70 2 43 18 29
27 27 28 36 38 79 39 57 29 35 67 63 6 13 46 36 11 37 50 64 31 27 68 69 55 2 25 69 59 9 16 69 59 53 26 50 2 69 29 12 51 11 49 56 37 64 23 29 75 29 58 50 51 10 30 71 80 42 5 79 16 5 3 10 58 25 3 34 77 33 30 47 20 46 35 33 24 49 75 10 48 19 57 27 36 45 53 37 36 18 43 17 1000000 42 20 70 31 32 26 58 68 30 31 68 53 66 30 26 37 44 42 76 20 44 42 42 67 61 19 10 43 79 78 15 80 23 69 17 66 73 24 25 41 43 2 59 36 59 13 35 16 51 67 74 75 59 18 10 17 78 27
75 31 16 33 79 68 79 54 37 66 71 5 75 20 28 69 2 39 29 69 9 9 16 35 27 79 44 8 35 23 26 77 49 29 36 9 72 67 75 26 71 27 63 22 17 49 10 37 65 31 62 35 46 18 47 67 47 49 52 8 79 76 14 67 8 23 70 63 15 40 15 15 13 42 38 56 51 13 77 57 57 17 9 57 80 40 17 78 32 20 13 79 65 1000000 51 69 6 76 40 48 62 10 66 3 11 35 51 71 22 41 38 54 27 12 5 40 52 29 46 24 58 19 39 58 69 4 47 36 10 54 43 37 52 22 51 59 38 16 58 44 48 52 28 14 14 2 60 28 40 20 13
36 66 67 36 29 51 4 80 31 75 45 35 70 21 65 65 23 37 32 46 47 54 54 60 3 44 65 27 30 28 63 60 15 51 55 48 58 20 35 73 57 52 14 65 48 3 76 51 72 54 58 6 63 25 19 62 79 65 50 6 68 77 38 9 24 67 75 38 74 29 15 63 73 24 44 65 65 2 63 12 34 9 58 59 55 14 38 7 47 33 62 47 56 41 1000000 78 7 5 16 49 64 28 39 10 34 30 65 4 4 58 13 41 39 15 48 52 69 70 11 40 19 77 72 61 48 78 10 51 75 13 8 41 67 51 12 15 47 63 65 56 12 22 41 23 60 74 52 70 36 44 66
45 60 4 42 3 13 3 23 79 15 49 56 15 33 2 29 70 50 10 18 39 56 53 27 27 41 12 36 58 37 37 58 8 60 44 15 16 11 44 30 3 46 31 16 5 27 40 16 80 65 70 61 21 15 37 19 48 43 62 62 6 38 56 76 31 55 21 16 55 29 26 76 70 2 32 58 34 47 11 37 41 12 28 69 75 55 51 69 6 39 18 70 8 37 2 1000000 6 53 68 3 14 74 23 53 76 12 10 37 73 38 32 38 65 31 38 80 20 64 16 9 45 54 46 36 34 36 74 18 62 4 19 2 26 70 79 64 7 11 38 67 21 35 31 16 65 23 36 52 59 44 24
30 71 61 2 29 58 13 5 69 34 5 77 3 20 80 74 67 47 79 59 32 25 65 45 56 33 53 65 16 25 80 33 45 59 7 73 45 74 26 36 15 62 5 2 12 7 63 52 21 71 9 66 36 22 39 46 31 29 56 40 59 5 55 69 8 29 8 65 75 2 55 76 41 2 43 21 24 62 32 34 22 45 11 39 5 7 36 40 31 16 19 76 20 69 18 80 1000000 7 65 66 15 37 8 54 67 53 65 60 38 75 24 28 65 44 39 79 45 12 10 28 11 13 80 9 46 45 68 48 37 67 10 78 23 46 17 56 24 9 8 12 6 75 48 3 26 40 12 7 63 70 18
79 80 55 70 80 21 52 54 73 33 38 46 69 80 44 51 60 54 35 37 12 79 18 44 74 36 64 33 69 77 19 33 22 10 27 41 63 2 48 79 80 57 38 38 22 65 54 76 28 21 30 47 72 30 60 60 75 11 54 48 66 18 26 22 75 72 40 18 8 50 6 59 43 2 46 47 59 80 29 27 22 59 65 27 76 8 59 43 42 18 75 79 53 80 30 50 77 1000000 64 26 20 56 38 66 73 25 9 30 80 25 37 2 54 42 61 61 31 49 38 78 14 32 4 66 53 66 6 26 74 76 17 71 26 45 33 62 47 40 56 60 28 55 26 65 44 58 49 68 50 73 68
42 60 70 20 80 41 78 19 48 14 74 28 31 6 10 11 37 39 37 7 18 68 79 47 71 15 24 60 60 52 19 69 61 49 9 43 49 68 23 45 79 74 59 54 62 44 72 72 29 2 19 6 65 61 8 48 79 35 58 58 54 68 36 38 24 13 52 37 59 14 65 2 2 80 52 2 50 29 48 39 33 21 12 70 38 43 26 53 24 47 75 28 10 30 20 36 3 28 1000000 53 22 3 19 29 56 77 14 19 65 33 34 2 6 68 25 43 46 12 37 7 6 68 20 40 22 76 34 38 11 30 57 22 68 8 61 33 21 44 30 44 27 30 6 27 36 9 64 80 44 26 33
46 66 65 53 65 30 51 67 24 49 21 27 37 50 64 3 66 51 25 69 47 14 44 48 35 34 8 2 60 19 36 2 4 74 26 2 53 64 16 54 61 5 77 46 13 8 46 11 43 24 18 70 42 63 52 28 23 10 41 77 40 71 32 63 28 43 53 6 67 63 49 57 18 7 78 66 11 35 2 76 28 75 7 35 7 9 56 62 58 46 46 50 47 33 53 47 60 70 19 1000000 57 54 61 78 22 27 47 3 32 19 17 29 69 36 45 61 22 22 64 41 53 40 26 50 53 54 9 79 50 13 32 63 39 39 45 73 49 72 34 65 25 37 54 79 67 77 67 38 25 41 50
20 70 60 79 28 42 5 66 46 52 32 79 23 3 36 15 26 32 58 74 38 64 58 4 41 67 78 35 25 6 11 53 13 58 61 59 3 18 22 9 34 30 21 5 28 71 55 44 7 31 69 21 16 2 60 18 63 13 54 33 2 59 77 20 30 79 46 77 57 9 48 34 56 75 17 61 65 76 65 14 44 23 43 46 38 5 70 27 45 50 57 31 15 76 56 5 46 74 75 49 1000000 40 70 10 78 45 48 11 49 59 7 18 34 26 11 13 50 6 29 35 49 18 5 39 24 43 8 44 32 68 60 20 17 31 77 43 52 52 10 11 53 41 22 66 37 7 42 57 31 65 33
69 7 62 58 47 61 66 60 16 39 26 8 3 21 50 39 55 33 57 13 17 50 34 33 40 39 38 12 58 70 5 43 38 78 43 47 24 23 46 29 51 28 5 75 66 52 74 56 44 11 38 16 57 46 15 32 56 46 24 80 11 13 13 63 14 67 54 38 45 59 43 11 64 65 31 41 66 18 33 76 75 59 58 22 2 50 29 66 57 6 10 8 66 26 61 34 59 64 25 60 22 1000000 13 41 54 30 35 14 62 26 66 52 41 8 61 3 73 47 24 65 31 60 74 63 63 30 47 29 61 45 38 60 18 56 24 80 31 56 52 72 25 40 22 3 38 11 65 57 22 67 45
4 77 40 30 48 37 72 25 74 46 75 79 24 30 62 69 40 62 42 27 63 21 65 71 9 62 76 53 21 67 6 48 18 38 31 18 29 31 56 22 59 52 10 28 48 38 12 14 46 38 67 46 41 14 18 67 24 8 54 31 25 4 11 6 73 17 41 43 43 21 65 63 56 41 48 12 50 7 78 51 12 15 76 17 9 20 24 79 52 33 43 72 79 71 60 48 27 2 39 33 64 70 1000000 79 67 42 26 73 48 4 4 77 7 71 72 45 53 29 72 14 50 32 9 12 7 79 73 3 57 5 14 4 28 41 30 44 48 15 68 37 27 45 71 18 10 32 44 79 8 47 49
17 80 34 37 52 24 36 53 10 72 51 13 56 63 77 55 68 37 63 61 35 15 39 37 75 52 32 3 55 8 36 2 4 76 14 63 45 45 15 77 20 62 76 13 31 30 19 23 22 29 52 54 25 21 43 49 33 14 55 20 18 46 70 73 6 69 44 28 27 31 42 18 19 58 37 40 63 43 43 54 65 63 20 24 28 20 80 29 43 10 46 46 70 71 17 49 2 64 64 53 80 32 9 1000000 68 12 52 68 35 51 15 67 69 49 15 25 55 5 41 28 76 58 37 77 30 15 10 36 61 38 65 37 54 68 16 56 54 72 24 61 76 11 52 65 25 47 19 66 7 74 78
33 20 38 32 17 70 66 72 80 61 68 29 27 39 76 76 21 54 18 73 69 66 50 7 10 27 50 16 19 76 53 10 59 32 76 25 24 51 22 7 15 42 36 33 9 9 79 55 47 59 29 61 61 75 31 74 17 54 40 74 41 29 76 57 19 52 40 59 62 56 78 43 24 35 74 23 64 20 46 16 56 53 16 23 29 17 5 78 66 70 57 45 40 78 25 22 33 56 28 79 24 30 24 78 1000000 11 42 80 40 67 69 52 29 46 63 76 41 2 64 80 7 32 72 49 24 34 55 55 11 58 60 26 52 8 10 33 40 30 26 46 17 8 36 2 69 44 36 3 53 35 4
44 36 75 57 3 7 66 16 28 31 56 24 22 55 73 17 79 40 23 49 46 7 51 38 40 54 24 21 44 62 49 14 47 11 29 46 45 32 7 75 6 34 77 67 49 6 6 58 73 33 29 60 48 33 70 67 25 75 71 10 10 25 44 57 25 74 32 68 26 28 36 30 19 49 14 58 46 21 43 49 6 4 37 37 53 60 59 69 11 65 15 3 55 42 9 17 4 32 75 34 33 69 58 35 59 1000000 23 56 44 75 46 58 26 9 37 20 47 7 52 8 26 17 23 44 13 65 14 33 19 71 38 25 9 23 38 6 58 53 76 79 27 18 26 58 80 2 71 32 17 77 8
14 56 32 6 37 8 62 47 54 37 66 52 26 25 64 47 11 50 59 6 6 29 25 27 48 78 27 17 39 35 77 80 3 20 34 54 36 29 65 59 68 23 60 50 12 60 9 61 17 77 78 13 17 6 69 46 40 64 71 55 80 60 54 79 4 20 58 46 43 10 43 31 71 72 80 47 8 78 21 39 18 4 77 35 69 76 30 64 15 59 14 40 44 19 38 37 46 35 55 30 55 69 8 37 22 67 1000000 73 6 40 12 10 15 22 47 36 34 26 79 16 50 53 29 55 46 43 72 75 50 55 43 11 13 77 7 31 30 70 43 57 80 23 10 3 45 24 9 40 26 42 16
56 26 29 43 9 42 12 49 10 55 5 41 36 74 65 64 62 52 53 46 61 45 13 35 58 18 25 43 7 22 8 48 31 63 34 3 26 67 16 17 42 63 68 63 54 38 15 53 23 56 79 8 10 18 28 79 24 14 42 12 76 48 21 46 73 65 78 69 21 33 80 16 14 28 72 16 74 26 54 2 64 6 69 77 65 7 46 31 61 39 18 10 58 75 11 23 3 67 45 56 64 67 21 12 16 72 51 1000000 78 63 49 46 28 3 11 80 37 48 14 38 48 36 8 3 8 23 73 17 28 4 63 19 55 58 25 53 45 79 16 39 8 63 4 58 29 8 10 40 31 37 75
32 70 70 72 53 39 69 56 56 38 47 15 50 75 33 54 51 47 71 59 4 74 9 13 75 24 34 53 8 20 19 33 62 8 29 43 74 80 14 13 21 47 57 27 61 45 35 61 12 12 41 60 28 35 30 4 67 27 44 14 63 19 27 39 68 79 58 40 44 24 30 27 54 61 28 44 34 17 55 24 78 59 2 78 33 36 17 5 73 46 18 42 20 62 26 74 57 78 9 23 17 63 71 44 52 7 50 40 1000000 14 47 58 17 78 45 10 73 26 58 47 43 49 77 18 70 24 64 22 46 68 49 26 52 12 21 3 21 54 76 31 56 38 7 76 43 37 5 63 77 62 51
59 52 44 64 77 47 45 78 64 52 48 15 60 30 75 35 29 46 76 46 27 7 77 55 45 2 56 72 66 39 30 68 34 16 52 52 64 58 37 4 22 67 21 46 65 66 24 64 71 66 50 47 40 46 46 57 2 75 5 49 70 29 28 75 32 36 74 54 70 2 63 19 76 42 46 2 20 54 10 62 28 73 60 51 6 37 67 16 74 6 57 19 12 13 15 78 15 78 44 50 31 37 15 36 37 6 61 42 27 1000000 25 9 71 73 56 68 31 65 22 52 18 59 46 77 62 57 57 2 24 64 38 80 37 30 15 45 45 68 8 50 36 80 42 68 29 39 17 32 47 53 63
23 9 41 29 52 49 4 38 70 79 50 5 14 75 66 20 77 56 80 80 50 48 74 62 42 26 6 20 76 51 15 39 3 6 39 6 25 2 19 35 33 12 29 55 61 2 19 41 14 17 8 32 11 16 46 56 19 34 5 26 6 13 54 45 79 55 80 3 48 71 2 70 28 5 67 54 24 45 27 10 16 80 12 6 9 19 14 39 59 67 64 23 36 24 79 57 22 77 80 61 72 41 3 54 2 44 51 80 54 51 1000000 52 37 38 71 60 80 5 24 36 16 53 34 51 74 71 56 75 47 13 77 30 75 44 7 10 59 61 80 69 66 73 22 36 38 46 65 20 36 49 23
24 76 18 39 9 16 62 37 53 32 70 33 8 21 57 43 33 38 61 2 5 54 74 79 29 76 64 43 11 63 15 45 20 26 63 15 72 72 44 25 63 66 3 6 7 10 21 62 51 41 13 45 55 52 42 2 48 80 78 25 45 14 3 44 67 52 66 17 55 76 39 32 24 34 4 43 25 37 42 8 76 62 23 12 33 47 53 42 9 60 30 24 40 46 34 29 3 3 7 10 4 35 17 59 41 3 32 72 80 64 32 1000000 57 17 30 64 32 12 30 73 68 73 12 10 28 42 32 48 41 11 10 28 29 16 66 63 74 30 46 76 48 73 13 48 48 43 41 12 77 44 50
58 2 18 37 3 13 9 43 6 32 80 72 65 14 14 32 61 20 32 58 49 45 63 65 54 74 35 36 42 61 16 77 34 34 14 71 11 24 27 67 67 68 67 31 6 50 26 42 63 2 7 39 27 64 26 76 69 39 35 2 69 10 55 72 59 70 2 59 75 18 26 79 45 51 69 13 31 25 5 48 3 35 24 27 50 66 62 47 19 61 61 27 34 78 39 48 40 47 24 65 27 51 15 29 53 58 47 59 61 34 64 45 1000000 18 29 23 70 5 63 52 35 8 14 75 80 21 77 66 23 78 35 28 30 50 10 63 80 23 26 63 61 21 43 33 26 59 16 62 80 36 62
56 57 13 25 44 24 43 58 58 4 80 35 32 61 53 13 40 50 28 54 72 30 21 67 18 4 78 34 66 27 27 73 3 62 21 67 24 44 59 37 7 8 30 7 67 74 69 61 42 57 15 69 63 66 32 62 58 35 49 52 77 80 78 65 37 33 61 67 17 68 8 16 24 25 29 8 52 58 67 62 44 32 27 31 10 57 24 57 78 32 12 3 65 66 19 45 44 56 69 14 43 14 51 31 52 61 7 67 32 80 42 32 7 1000000 42 45 6 9 59 56 12 10 47 23 77 54 6 5 39 55 49 47 43 60 71 69 46 63 42 47 74 75 45 72 32 56 2 68 20 32 79
52 4 48 45 53 15 51 60 45 18 52 61 10 61 72 26 6 48 60 71 52 30 52 75 62 19 44 49 24 58 67 41 11 45 55 38 34 71 11 72 80 32 71 20 71 58 18 37 23 37 52 61 64 42 13 10 71 75 25 24 39 3 10 41 63 74 9 74 39 37 67 12 31 21 21 54 66 28 49 46 72 45 6 17 19 10 35 29 61 69 64 8 40 55 58 47 12 33 53 80 42 5 6 26 34 4 53 38 58 30 58 6 13 25 1000000 64 18 55 75 9 40 45 18 13 6 34 15 34 19 51 69 20 35 54 69 11 28 27 7 56 56 14 77 79 58 7 17 74 53 42 5
41 41 59 30 24 16 49 59 41 20 65 80 51 35 19 35 77 66 5 35 42 16 25 29 14 74 9 49 34 52 68 69 59 47 68 51 9 63 62 36 7 23 57 11 55 38 30 78 71 7 29 15 9 14 13 23 3 68 66 44 24 19 60 42 43 51 34 60 36 66 14 5 55 72 44 51 36 22 40 31 67 79 54 3 18 3 7 32 75 12 25 13 52 67 47 7 23 52 56 41 8 20 80 31 12 13 80 22 13 72 31 60 55 14 43 1000000 61 8 65 11 17 59 7 60 80 12 73 47 24 74 35 79 60 11 28 60 68 32 9 67 57 64 13 17 28 19 4 63 28 57 21
65 56 10 47 9 43 28 5 37 61 43 53 50 21 22 19 11 10 47 10 7 69 70 37 67 55 49 23 72 68 12 38 23 26 13 58 41 41 50 50 16 50 25 5 52 36 57 77 24 43 23 40 78 3 50 69 44 15 68 15 47 43 21 14 65 66 76 56 54 55 6 59 25 54 32 61 60 27 49 8 37 54 10 80 79 9 15 10 61 79 25 3 75 7 31 6 74 15 75 48 15 80 51 55 10 34 24 22 27 56 13 50 79 76 2 38 1000000 34 48 73 39 77 65 26 4 62 66 28 66 14 32 5 32 74 26 14 73 78 45 44 38 36 59 61 36 48 46 57 11 65 46
80 62 7 76 67 53 63 33 68 14 32 9 50 15 58 33 35 56 16 80 48 27 69 35 24 17 66 49 73 45 58 73 55 78 11 39 40 51 4 56 2 21 16 75 64 71 13 13 65 33 54 51 23 36 78 3 69 52 59 33 54 40 50 53 65 9 5 59 40 12 52 74 59 19 13 29 59 61 2 10 32 3 62 34 52 73 3 49 4 67 64 41 45 54 39 76 63 31 50 11 74 35 6 30 61 4 31 19 33 13 75 45 26 78 3 74 53 1000000 18 40 32 43 16 35 7 27 39 54 30 72 59 24 36 80 37 22 14 21 28 4 41 46 35 24 14 14 46 75 42 79 46
70 7 73 35 72 13 76 16 14 28 73 57 16 55 19 67 62 56 56 72 15 60 38 24 31 25 27 11 76 23 40 16 26 78 56 62 2 27 16 37 17 61 47 9 72 76 54 46 39 44 27 48 59 37 53 69 22 75 54 16 66 66 32 10 77 16 4 8 74 48 53 19 43 77 12 34 75 38 12 51 60 50 6 8 22 11 64 67 59 79 71 37 16 27 47 34 4 72 9 11 55 20 54 50 12 34 35 12 26 46 29 40 60 33 18 24 39 5 1000000 45 44 25 25 78 27 43 18 71 60 13 34 45 55 73 2 7 34 58 62 37 57 3 54 78 30 19 62 56 65 67 18
67 39 47 75 68 71 26 74 18 59 35 58 35 48 47 79 14 70 30 21 65 58 80 54 74 30 70 9 8 59 23 39 55 40 47 8 9 2 78 7 51 32 64 23 34 67 16 35 79 39 75 43 21 54 48 32 23 77 52 61 40 35 72 28 11 48 9 53 39 5 76 38 14 2 16 78 24 35 76 29 45 44 11 40 36 79 10 34 5 74 22 53 13 79 10 67 39 53 76 22 64 52 60 27 69 56 72 35 8 12 16 14 48 45 78 56 52 61 54 1000000 38 50 6 75 17 36 61 8 38 37 32 22 4 59 5 35 61 73 24 5 15 56 55 62 8 77 26 12 43 7 60
41 12 25 29 64 20 4 62 41 32 65 19 63 70 32 42 38 3 75 44 41 10 11 31 31 8 75 67 20 71 37 34 35 73 16 6 27 79 56 26 71 21 23 61 80 79 65 27 31 6 53 64 46 55 31 8 39 49 74 23 39 16 63 17 60 47 40 40 64 48 68 29 8 42 62 48 9 40 51 3 26 33 44 44 55 44 66 16 6 57 80 38 48 62 62 36 19 4 21 34 48 3 27 6 61 18 79 32 75 32 13 40 65 69 48 8 77 28 36 54 1000000 41 11 70 28 77 47 23 14 12 58 21 25 70 49 15 77 21 78 30 40 29 8 51 80 16 49 50 20 14 45
62 14 48 27 72 26 79 23 26 9 76 31 45 41 31 77 65 11 40 38 49 51 5 28 77 34 7 74 9 8 38 26 42 36 42 79 27 20 77 29 22 80 26 41 47 8 62 44 63 18 22 48 67 18 3 14 4 36 14 7 55 58 77 38 20 14 51 76 17 42 40 5 13 61 2 59 77 20 14 14 3 25 33 26 28 37 74 55 57 43 59 67 60 43 61 62 57 4 17 26 22 80 2 41 17 11 19 22 24 45 78 22 56 78 51 20 77 7 57 14 21 1000000 64 32 78 79 2 7 11 25 73 66 52 7 10 36 20 18 44 44 7 33 39 27 71 6 79 74 34 54 57
45 38 34 73 58 23 52 47 33 61 5 19 10 67 16 29 65 7 80 68 16 64 56 71 37 19 35 40 43 44 28 69 12 47 42 8 8 43 62 51 69 74 35 5 58 23 71 61 71 36 15 26 13 44 44 9 59 2 11 9 30 26 48 52 13 28 7 18 40 53 37 24 45 3 27 32 7 6 8 11 41 14 66 38 17 40 78 16 59 47 12 21 41 72 16 57 60 43 65 59 31 80 59 56 78 29 58 32 74 17 59 12 48 15 36 34 51 50 12 63 33 44 1000000 2 47 54 26 54 38 78 78 29 50 62 34 5 37 19 17 20 11 46 39 63 9 55 9 29 46 80 43
42 44 80 58 74 26 70 25 4 39 80 75 13 65 54 60 53 57 53 68 14 21 49 75 10 22 62 51 46 31 32 75 25 16 32 41 10 31 54 53 59 24 20 77 73 23 51 2 31 78 46 63 77 56 40 71 77 80 53 50 27 43 10 63 21 37 52 74 48 62 45 77 71 17 56 6 20 78 49 41 71 69 21 57 57 55 61 52 42 64 21 13 17 25 61 6 79 20 40 7 8 72 13 55 60 55 63 38 19 55 35 35 67 15 12 55 21 53 33 39 15 56 8 1000000 27 64 9 42 32 73 43 30 16 39 69 64 59 33 22 31 21 43 35 18 14 14 31 34 3 70 33
80 74 29 39 3 8 50 33 59 3 52 32 22 27 56 46 19 71 77 30 60 17 28 64 50 33 6 5 15 9 45 39 44 59 67 15 34 60 72 67 44 71 65 76 46 60 37 27 47 21 28 19 23 68 72 43 79 76 58 72 23 10 54 77 76 24 58 39 53 3 27 32 4 5 29 66 27 71 52 14 63 57 22 62 48 6 47 15 14 76 61 36 64 18 78 16 31 32 71 42 40 66 47 76 7 56 29 7 50 39 10 62 72 46 78 25 15 16 67 33 2 60 80 67 1000000 25 66 24 59 24 64 64 44 12 50 75 21 43 58 36 80 66 70 34 20 9 8 2 42 2 6
4 52 8 13 52 66 66 9 58 77 27 70 76 53 47 15 58 75 3 10 25 52 64 72 30 24 65 26 57 80 72 12 40 4 51 31 9 75 5 2 72 26 56 32 55 12 35 59 58 67 37 28 47 42 59 15 60 4 44 3 71 35 79 77 43 54 74 55 68 63 25 17 3 27 71 49 52 65 59 4 65 56 20 39 29 71 67 21 22 43 43 76 47 39 21 26 70 59 11 50 70 6 10 55 14 28 13 39 55 64 14 24 53 56 45 73 60 31 80 62 14 33 56 79 46 1000000 16 41 12 31 61 28 67 2 44 13 59 55 37 80 74 73 16 78 53 64 47 24 46 70 11
58 43 59 24 2 76 35 53 56 65 29 25 68 23 69 56 62 71 59 57 55 79 23 48 20 21 27 59 12 2 32 54 7 60 40 49 12 3 47 61 75 19 10 13 36 33 74 43 22 6 78 58 9 46 29 18 9 17 57 61 17 46 54 22 4 41 18 4 76 24 35 9 67 50 19 14 76 46 19 47 50 29 20 19 5 74 36 36 7 10 52 8 22 26 9 79 31 6 68 78 5 43 32 15 67 72 23 56 31 39 45 20 56 44 27 40 36 37 41 41 73 73 31 49 51 7 1000000 29 60 53 15 7 59 5 34 50 56 12 69 52 55 15 31 52 47 38 13 72 3 79 27
49 75 2 30 12 75 61 48 43 46 65 58 43 47 67 54 72 47 52 43 15 61 15 41 52 49 70 22 28 52 7 75 49 79 48 43 52 62 15 13 34 52 34 55 28 42 11 18 31 40 44 8 70 28 39 79 78 67 80 42 53 26 8 43 19 65 34 77 74 5 21 12 65 57 40 75 10 76 53 20 73 10 20 5 54 42 46 17 57 5 56 69 42 9 41 40 42 53 75 3 16 23 63 15 36 63 39 12 13 63 75 41 65 68 28 25 54 13 80 7 73 31 10 70 57 30 78 1000000 60 55 59 17 41 78 49 42 40 6 55 78 62 80 17 35 57 27 53 14 51 66 7
57 40 61 70 69 26 12 37 19 35 79 65 19 70 17 8 22 63 39 18 24 4 68 60 30 70 43 45 27 66 14 68 76 13 73 79 29 15 53 24 25 19 56 60 44 65 26 33 56 42 18 77 67 72 65 42 62 17 61 5 27 35 26 29 14 6 61 65 53 46 77 71 56 16 25 24 34 3 7 38 2 55 44 13 69 10 22 46 64 37 40 44 9 80 29 58 56 31 32 61 63 54 6 70 40 41 75 29 47 67 8 53 24 30 70 3 10 4 17 15 6 17 79 27 58 72 40 57 1000000 46 25 14 42 12 2 29 25 58 3 42 52 22 56 60 13 26 41 32 22 77 74
53 63 54 54 74 62 22 13 71 63 79 25 16 75 30 56 36 19 36 69 51 42 35 44 5 22 49 73 68 10 43 6 21 15 46 23 21 6 34 15 57 72 4 77 48 63 56 47 29 58 35 75 75 49 40 76 5 33 13 6 37 28 50 74 40 53 55 13 71 72 22 64 13 56 66 13 5 64 38 66 44 72 64 61 43 7 12 47 53 5 3 62 8 44 16 59 61 58 13 35 77 67 47 69 80 40 14 36 24 66 33 69 54 25 77 23 68 65 71 13 45 5 79 5 40 31 77 16 26 1000000 37 32 12 7 53 49 2 51 39 19 48 64 36 20 18 9 9 16 25 80 30
37 30 67 60 17 47 37 29 12 67 66 17 3 79 70 48 72 51 21 63 46 41 55 23 46 67 20 40 2 41 40 3 15 54 2 45 64 25 65 75 24 66 49 23 30 23 67 62 38 80 41 46 45 16 72 78 18 76 19 64 34 30 17 17 14 23 76 39 2 15 39 23 13 17 8 80 52 4 60 38 21 47 9 34 74 35 32 24 17 75 4 6 45 61 39 14 24 73 49 8 53 20 15 35 5 58 55 19 21 50 5 70 66 8 61 28 49 7 35 25 66 10 54 64 20 7 24 56 28 23 1000000 9 33 68 51 34 16 37 54 12 16 12 40 79 76 75 40 9 40 31 31
56 13 46 3 67 2 6 43 11 11 27 62 12 48 5 16 53 59 48 30 20 56 79 15 15 72 54 4 4 76 38 77 24 58 57 50 49 78 12 41 39 21 28 21 60 71 75 21 9 51 17 21 33 54 29 11 17 79 53 36 19 45 3 67 11 25 5 48 38 9 3 53 34 78 9 61 57 29 68 62 42 4 11 22 46 19 44 26 21 8 78 78 19 9 18 73 12 74 49 4 61 80 59 48 33 50 48 13 26 27 44 57 59 57 79 29 9 67 19 26 44 52 76 9 38 33 64 20 28 26 2 1000000 52 28 74 15 34 78 30 2 53 4 59 26 29 55 52 57 55 22 2
57 22 9 56 14 76 38 66 71 29 49 37 29 60 50 46 36 11 9 47 52 5 44 74 7 22 7 42 80 72 61 24 61 9 76 11 37 5 66 22 71 58 51 52 3 57 76 74 9 58 28 44 79 10 8 39 4 9 53 76 11 65 42 5 57 31 24 76 15 62 24 67 30 13 25 75 30 66 74 76 54 53 27 37 61 46 45 42 63 21 46 51 43 53 39 45 61 31 6 56 14 47 7 62 22 45 75 22 27 46 64 13 65 38 44 47 14 53 58 80 68 4 32 40 40 28 36 16 48 43 8 59 1000000 29 3 48 64 37 74 64 61 43 27 7 69 51 47 39 15 45 64
52 2 21 71 23 55 80 70 54 72 62 7 72 78 5 20 8 66 15 19 57 12 15 52 79 36 47 28 73 5 49 74 66 47 19 17 65 66 73 14 45 64 19 51 12 32 3 10 40 80 14 59 78 58 48 25 4 19 17 59 65 70 50 10 31 35 62 57 29 55 44 25 32 59 75 61 73 3 40 33 80 51 64 57 34 34 46 75 54 28 34 50 67 15 56 40 35 52 49 60 72 63 35 40 8 31 50 29 3 56 19 7 13 39 75 65 80 44 41 72 7 40 69 42 13 71 42 5 78 24 8 6 75 1000000 26 2 25 73 10 28 67 64 45 51 47 13 67 62 35 43 80
14 35 30 54 27 66 44 4 13 64 55 40 7 19 39 51 7 68 36 70 48 11 70 7 35 50 60 53 24 15 59 60 42 48 42 4 27 75 29 8 27 59 36 63 8 23 17 41 58 35 41 74 30 14 53 17 52 59 25 27 31 9 24 78 2 61 15 27 49 5 20 11 48 15 8 56 14 56 44 22 53 79 26 51 26 61 15 58 39 28 45 64 11 50 5 48 78 62 43 74 10 15 49 64 19 75 76 53 49 57 39 65 34 3 2 24 28 18 73 4 61 46 12 65 26 67 57 4 29 18 69 17 78 79 1000000 37 46 5 62 42 47 27 12 57 76 60 27 19 54 39 60
70 45 77 8 68 18 35 8 31 79 20 29 56 52 74 48 35 24 28 52 45 20 14 36 33 35 14 71 66 50 76 26 77 11 78 43 10 73 57 18 62 37 36 41 80 46 59 33 2 20 42 41 63 34 43 40 8 14 40 11 60 33 29 46 68 48 37 59 75 79 46 14 64 37 65 42 39 37 3 13 21 53 19 43 28 77 18 77 35 35 39 28 30 39 39 48 28 22 68 15 43 34 79 13 78 19 11 15 45 2 49 10 64 42 16 62 35 11 66 23 47 50 61 6 63 31 41 24 36 31 17 50 46 2 13 1000000 67 24 30 27 12 61 49 11 59 43 39 53 9 17 4
43 17 34 67 16 69 29 80 55 2 29 35 60 19 20 9 8 61 49 56 73 42 35 41 14 10 12 38 44 15 2 67 41 23 23 8 37 38 6 66 9 66 45 74 27 72 50 44 47 35 6 64 24 75 16 7 13 21 51 13 8 16 16 35 28 31 78 48 60 31 30 62 4 6 47 31 43 75 62 76 74 3 69 15 63 8 75 19 27 75 70 54 6 72 60 51 39 28 20 79 32 67 55 71 5 53 49 59 21 33 58 26 41 77 48 58 50 10 53 52 24 65 58 75 3 28 73 19 29 80 34 61 56 48 31 64 1000000 13 23 51 58 34 76 15 7 57 70 2 76 74 40
18 70 80 70 64 75 41 16 26 41 65 17 41 32 27 80 57 10 35 32 35 49 52 12 12 33 47 25 4 72 29 24 70 39 39 52 34 44 64 76 72 29 35 57 35 68 64 60 71 43 33 3 8 30 76 4 33 12 78 54 51 9 70 62 53 76 53 53 11 4 36 17 30 18 25 26 20 62 73 43 45 58 46 58 45 35 46 32 18 16 73 67 29 58 52 3 46 66 67 26 73 68 8 75 47 21 69 11 62 70 28 33 41 70 78 7 54 59 68 16 29 43 63 14 55 50 52 21 43 33 59 14 18 54 67 68 28 1000000 75 9 22 49 36 67 10 14 48 68 45 64 9
31 18 70 24 59 25 41 7 58 2 20 33 64 7 64 21 23 11 6 56 41 55 62 6 72 37 46 75 59 6 23 57 32 13 68 6 70 31 4 58 46 77 56 14 28 43 50 34 9 54 29 50 2 30 15 29 4 24 40 33 26 56 73 49 15 64 8 75 39 33 41 38 25 57 80 74 77 39 30 20 62 15 71 11 4 79 22 33 32 43 62 16 7 25 23 38 17 30 54 35 11 32 78 26 40 25 23 33 38 11 56 2 15 29 16 62 35 22 10 41 44 27 12 51 63 40 36 29 75 10 74 29 5 33 57 51 76 75 1000000 76 75 28 6 49 24 17 61 78 60 36 24
26 79 72 66 6 40 17 25 60 67 45 51 49 27 57 37 79 32 65 34 46 16 35 16 17 24 21 34 6 68 61 58 5 27 79 3 56 41 51 51 8 51 76 18 47 30 49 79 41 40 32 46 71 72 38 9 33 47 37 77 55 73 45 79 65 77 31 18 66 78 10 23 37 23 24 50 33 50 65 9 74 25 24 20 63 39 12 57 64 42 56 77 26 49 26 52 20 13 32 26 55 67 77 58 70 13 15 71 47 39 46 49 69 58 63 42 36 34 71 42 64 64 79 64 66 48 37 34 15 36 37 13 37 13 57 5 50 67 62 1000000 60 61 31 19 7 26 76 65 3 62 28
44 72 20 72 54 8 58 13 14 62 3 2 73 15 73 10 41 37 59 68 2 28 56 71 17 53 55 55 60 36 45 35 10 15 40 77 61 36 58 18 50 17 36 35 80 62 36 32 65 28 20 12 27 53 2 46 35 21 21 75 13 44 52 54 45 14 50 9 17 59 63 76 9 25 11 33 22 24 57 60 51 13 45 49 33 3 69 75 52 59 7 66 33 36 51 45 76 71 61 54 33 40 8 38 30 73 55 75 20 25 68 65 75 20 56 73 34 57 64 73 63 3 72 47 24 64 69 2 73 74 62 56 25 21 19 39 70 77 49 79 1000000 20 76 57 56 67 21 59 56 26 58
76 21 47 21 47 11 33 49 80 47 65 73 68 25 80 67 71 34 60 60 45 57 24 11 76 69 16 46 20 74 60 36 78 48 56 29 64 60 79 2 22 46 33 74 80 63 40 16 4 5 36 76 54 66 22 16 40 67 6 9 5 58 48 40 34 42 39 41 11 76 61 18 64 46 46 49 53 28 19 33 32 70 31 14 23 51 79 75 31 47 41 57 37 65 78 41 21 60 21 51 18 49 79 67 57 15 33 44 58 55 25 28 27 20 42 71 9 25 57 39 65 46 60 45 63 78 18 4 30 30 75 71 71 11 77 31 80 30 31 18 79 1000000 31 8 36 14 38 61 73 39 28
3 8 75 18 7 16 54 76 22 33 24 31 64 67 59 66 11 15 74 21 45 77 75 79 32 75 4 21 11 6 7 80 79 30 34 20 23 73 35 29 15 12 34 33 8 7 69 31 67 21 30 76 55 3 32 28 25 17 32 38 18 17 23 74 38 52 31 52 60 21 9 14 24 34 47 57 55 4 10 45 15 27 33 78 32 13 8 80 31 61 53 38 57 74 58 74 33 22 63 75 41 53 53 38 31 44 22 45 67 12 56 46 72 23 64 4 70 6 35 10 42 29 64 18 43 76 9 70 73 79 57 7 17 75 9 14 29 45 70 17 42 8 1000000 72 7 5 18 43 70 70 7
73 10 80 31 17 61 3 17 41 46 47 50 69 8 13 9 72 30 50 32 38 12 72 6 7 73 12 69 72 12 10 9 73 51 68 45 72 18 66 16 34 36 25 64 54 43 38 42 58 76 26 58 30 12 75 65 50 29 79 78 54 4 27 64 51 59 24 10 17 8 73 61 25 7 10 22 67 18 67 22 16 20 31 70 28 24 64 39 39 3 39 45 62 54 66 18 32 23 13 48 48 39 78 34 80 57 4 39 64 66 40 7 37 51 48 80 65 76 46 41 9 6 13 4 59 73 34 78 42 16 39 13 19 29 71 25 62 17 62 70 12 56 45 1000000 46 25 80 39 43 45 54
47 58 4 22 45 68 59 54 73 41 31 9 63 66 23 22 10 26 59 77 18 63 66 14 71 21 53 72 8 35 30 21 43 52 62 62 49 77 4 34 72 8 35 56 37 60 27 54 59 50 39 42 63 80 35 18 46 47 49 37 52 75 26 53 68 77 57 42 80 56 8 54 12 8 12 22 21 49 50 3 8 25 12 12 53 32 34 45 47 48 3 37 28 54 66 78 20 3 17 32 47 36 50 75 27 56 68 68 38 77 35 50 52 25 45 71 42 14 73 2 11 23 64 59 70 24 42 19 50 64 72 43 70 63 16 20 13 9 5 69 54 11 34 57 1000000 5 60 38 20 8 54
67 57 3 14 17 44 19 55 5 15 55 63 27 9 37 32 51 49 20 61 20 54 69 61 53 58 15 56 71 26 28 62 10 74 57 52 5 2 15 2 45 70 60 51 6 65 34 15 52 33 56 38 64 9 27 12 63 28 41 76 71 49 46 36 9 3 53 38 73 59 58 19 13 28 69 68 50 36 21 29 74 36 26 41 55 11 22 17 20 59 13 31 62 22 51 37 75 11 32 40 12 16 26 8 75 12 27 69 78 79 60 60 58 43 75 2 56 11 66 4 39 64 64 72 41 58 38 68 23 2 66 31 41 33 66 27 3 54 62 47 38 52 8 45 65 1000000 50 22 55 2 78
75 40 61 38 34 12 28 54 69 45 20 29 67 14 32 68 4 65 2 14 5 76 18 7 50 11 24 26 42 10 73 19 9 51 31 36 12 73 18 63 21 14 34 41 55 41 62 3 51 77 2 37 47 39 79 24 36 54 73 73 15 18 48 38 78 26 18 10 68 5 55 47 34 37 18 34 18 4 28 43 33 61 11 66 43 10 41 53 34 8 70 59 75 29 69 17 80 44 73 30 7 45 14 51 12 5 56 43 61 71 13 62 40 50 5 50 39 30 32 73 15 68 49 49 73 31 58 51 43 33 60 43 67 68 14 10 41 16 53 66 64 12 36 42 13 60 1000000 52 43 5 75
24 45 8 63 18 37 38 19 80 19 58 65 57 19 2 78 50 25 37 41 10 19 32 36 9 59 70 62 47 59 70 80 18 31 19 48 37 14 23 32 50 16 21 79 68 30 44 60 65 33 22 38 59 62 27 40 26 19 52 5 43 46 9 36 21 4 8 55 64 50 39 45 63 37 28 74 12 67 34 32 5 10 65 72 52 20 22 75 31 35 8 65 23 15 79 76 68 30 30 9 35 7 38 62 14 55 40 33 70 73 34 5 61 31 47 6 33 40 71 24 53 55 46 49 74 48 66 16 4 12 52 31 72 71 75 52 16 21 30 73 5 33 59 52 57 29 48 1000000 74 58 61
19 16 9 34 38 78 19 75 34 27 36 29 54 66 67 13 27 78 46 35 48 22 72 31 46 39 68 12 75 25 14 29 7 31 61 11 63 59 7 50 52 19 68 35 18 13 20 4 27 57 32 26 68 45 63 68 58 18 44 33 2 16 47 70 64 63 73 42 19 2 25 49 6 62 37 74 27 20 44 45 3 4 68 57 74 43 44 66 18 57 17 20 71 60 52 73 39 57 59 75 14 57 23 10 6 62 27 60 10 74 26 57 61 70 4 46 72 35 40 73 49 11 78 13 62 22 59 23 35 2 58 50 26 51 72 29 24 68 68 61 73 8 10 58 78 34 67 5 1000000 15 47
19 32 8 28 42 3 29 15 7 44 39 63 79 52 46 70 2 66 40 2 17 51 26 8 65 5 60 59 51 37 30 74 74 70 2 47 21 7 28 49 36 7 74 31 28 16 67 74 77 37 51 62 66 60 66 7 34 32 17 20 76 15 74 46 4 3 59 27 28 78 8 19 46 73 59 57 10 32 6 72 59 23 48 41 37 58 33 8 39 41 4 20 33 78 73 47 23 76 52 44 65 46 54 65 47 64 27 29 49 11 78 10 55 24 19 28 44 25 17 36 57 34 59 54 8 20 38 63 43 35 29 72 11 54 68 70 63 45 20 64 44 53 65 33 58 20 61 42 21 1000000 42
18 24 9 73 25 7 25 14 5 17 48 74 39 48 26 62 49 78 36 6 57 21 68 73 30 52 21 59 70 34 31 80 76 23 23 52 54 58 52 36 67 42 65 23 76 55 74 72 72 2 29 55 57 44 4 12 55 32 55 31 66 40 10 26 80 44 80 49 5 66 10 6 34 25 2 63 40 71 64 47 47 44 18 24 31 46 13 39 21 14 16 70 4 41 13 21 10 68 26 45 70 17 21 58 31 39 75 45 48 59 32 75 64 33 20 39 49 61 43 36 78 68 64 12 76 62 71 36 72 78 9 27 62 25 12 67 78 38 52 37 59 67 63 39 73 55 50 42 54 32 1000000
