150 75 117 200 9
1 1 1 1 1 2 2 4 1 1 1 3 1 2 2 1 1 1 2 2 1 3 3 2 3 3 1 1 1 2 1 2 3 3 2 1 2 1 2 1 2 2 1 2 1 2 2 2 2 2 2 4 4 3 3 4 1 4 3 5 1 2 2 3 2 2 1 2 2 2 3 2 1 2 3 
1 1 1 1 1 1 2 4 1 1 1 1 1 2 1 1 1 1 1 1 1 2 2 2 2 1 1 1 1 2 1 1 3 2 2 1 2 1 1 1 1 2 1 2 1 1 1 2 2 2 1 4 3 3 1 1 1 2 1 5 1 2 2 3 1 2 1 1 1 2 3 1 1 1 3 
30 29 28 28 26 26 26 25 25 25 24 24 24 24 24 23 23 23 23 23 22 21 21 21 20 19 19 18 18 18 17 17 17 17 16 16 16 15 15 15 14 14 14 14 13 13 13 13 13 12 12 12 11 11 11 11 10 10 10 9 9 9 8 8 8 8 7 7 7 6 6 5 5 5 5 
1000000 76 36 59 32 32 77 47 40 60 93 82 21 72 20 6 84 66 20 34 39 93 29 25 52 46 68 44 66 73 38 25 59 95 77 57 16 41 86 84 54 10 90 66 27 59 40 78 47 57 42 47 40 68 39 73 52 56 62 77 79 42 26 74 48 9 58 35 73 86 62 93 39 64 5 11 73 66 15 51 63 47 87 46 21 35 100 58 81 12 25 21 54 58 64 11 15 36 93 78 39 46 63 56 64 46 91 21 76 60 29 32 69 22 54 56 48 68 21 42 56 27 20 38 66 86 14 69 88 77 35 79 63 56 55 80 39 49 58 71 56 75 30 18 80 18 71 57 44 24 41
76 1000000 82 62 80 65 30 39 76 42 26 30 83 65 86 73 9 22 92 76 39 18 50 83 72 49 12 37 52 32 38 91 41 19 21 76 78 60 32 15 45 86 14 47 103 21 38 14 51 56 45 58 37 70 78 6 28 64 50 9 70 35 100 37 63 82 50 63 50 16 41 22 45 44 72 73 53 11 71 37 20 30 22 43 90 46 25 79 66 87 87 86 37 26 14 76 67 42 21 31 38 35 22 43 64 74 15 57 27 83 78 64 65 57 70 40 33 67 77 36 30 50 88 83 66 10 90 48 14 26 42 4 41 36 57 19 69 77 24 27 21 34 47 91 35 93 33 54 79 89 48
36 82 1000000 89 4 65 95 44 75 83 89 74 57 102 21 31 91 81 27 69 45 95 51 61 22 34 71 46 48 64 51 60 83 98 91 26 20 24 78 95 42 37 93 50 49 73 47 78 74 85 66 77 49 40 74 81 54 87 88 79 109 51 54 63 79 30 42 19 55 86 50 91 63 89 34 46 53 74 49 72 63 55 84 70 23 59 100 26 109 32 60 57 47 57 68 25 48 43 91 96 47 47 62 80 95 80 96 47 93 26 7 65 99 32 26 47 65 41 56 58 74 47 22 2 96 91 44 94 96 71 53 83 86 77 34 78 73 17 72 88 67 65 40 29 99 34 62 85 11 59 34
59 62 89 1000000 85 27 38 67 27 19 88 87 49 13 78 61 64 40 80 32 56 79 39 45 95 75 63 60 92 83 46 54 20 78 46 101 73 79 90 57 79 67 74 89 77 42 54 73 16 6 26 13 51 104 29 56 60 4 12 69 20 51 69 87 12 68 85 77 95 78 81 84 29 18 59 49 97 53 45 28 65 52 83 24 81 33 85 103 21 71 50 51 73 66 58 68 44 55 83 39 53 62 67 18 5 20 70 42 40 106 82 27 9 58 96 77 36 103 43 39 33 43 79 92 7 69 65 18 65 81 41 65 21 27 88 78 23 96 40 38 47 85 54 77 37 75 82 8 94 53 69
32 80 4 85 1000000 61 91 42 70 79 88 73 53 98 18 27 88 78 25 65 42 93 47 57 24 33 69 43 48 63 48 56 79 96 88 28 16 22 77 92 40 33 90 50 46 70 44 76 70 81 62 72 46 41 70 78 52 83 84 77 105 48 51 62 75 26 41 17 55 84 49 90 59 85 29 42 53 71 45 68 61 52 83 66 20 55 98 29 105 29 56 53 45 55 66 21 44 40 90 92 44 44 60 76 90 76 94 43 90 29 3 61 95 28 27 45 62 43 52 55 70 43 20 6 92 88 40 90 93 70 49 81 82 73 34 76 69 19 69 85 64 64 37 26 95 31 61 81 14 55 32
32 65 65 27 61 1000000 53 54 13 33 89 82 23 40 52 35 71 47 53 11 42 83 21 20 74 58 61 47 78 76 33 29 33 84 57 80 47 60 86 67 65 40 79 76 51 44 41 72 18 26 20 15 39 86 14 60 51 24 32 70 47 40 43 79 15 41 71 56 83 79 70 86 20 36 32 22 84 54 18 30 60 43 83 23 54 20 90 82 49 44 26 25 61 58 56 42 18 40 85 54 40 50 61 29 32 15 78 20 54 85 58 1 36 36 76 64 32 86 17 30 36 25 52 67 33 74 38 40 73 77 28 68 36 33 71 76 8 74 42 49 45 78 36 50 55 48 74 26 71 28 52
77 30 95 38 91 53 1000000 57 61 21 56 60 76 38 92 75 29 14 96 63 51 44 48 73 91 67 38 52 77 60 43 83 21 43 10 96 84 76 62 21 67 86 40 73 101 22 49 44 35 34 35 41 46 93 63 26 46 42 26 39 41 44 96 65 45 84 73 77 77 46 65 51 38 20 74 70 80 28 66 26 44 42 52 31 95 41 50 99 37 89 79 78 59 48 35 81 63 52 49 1 48 52 47 24 39 56 34 55 3 103 89 52 39 64 90 63 30 92 69 37 22 51 93 96 41 35 88 21 28 55 44 33 18 21 79 49 54 94 22 6 30 63 55 94 5 94 61 32 94 81 64
47 39 44 67 42 54 57 1000000 67 53 48 35 62 76 51 42 47 42 58 64 12 51 33 64 35 11 27 7 25 25 22 69 52 54 51 39 44 21 39 52 12 56 49 23 74 35 13 34 51 61 41 57 16 38 67 38 11 67 60 35 83 16 73 27 61 50 18 25 30 42 16 49 38 58 42 50 31 32 49 41 19 16 42 43 55 36 57 42 82 55 67 64 7 14 25 43 45 14 49 57 14 5 18 51 71 68 53 36 54 46 40 53 75 25 34 11 32 37 57 28 39 29 53 45 74 47 62 63 52 30 27 39 54 45 22 35 61 39 35 50 27 27 19 57 62 60 24 60 40 67 9
40 76 75 27 70 13 61 67 1000000 40 101 95 24 39 59 44 81 57 58 6 55 95 34 18 86 71 74 60 91 89 46 27 40 95 66 92 56 72 99 77 78 45 90 89 51 55 54 85 26 29 32 20 52 99 2 71 64 23 36 82 45 53 43 92 17 48 84 67 96 91 83 98 32 42 41 29 97 66 25 40 72 56 95 33 61 32 102 94 48 49 24 25 74 71 68 50 27 53 97 62 53 63 74 37 31 8 88 32 62 96 67 14 35 48 88 77 44 98 20 43 46 38 59 77 32 86 41 44 83 89 41 80 43 42 83 88 7 85 53 58 57 91 49 56 61 53 87 30 81 27 65
60 42 83 19 79 33 21 53 40 1000000 69 69 56 25 77 59 45 21 80 42 44 59 33 53 85 62 45 46 77 65 34 62 1 59 27 90 70 69 72 39 65 69 55 74 82 23 41 54 14 14 18 20 39 91 42 37 44 22 8 50 31 37 76 70 24 68 71 68 79 59 66 65 21 5 57 51 81 34 48 12 48 37 64 14 80 25 66 93 29 72 58 58 58 49 40 65 45 44 64 22 41 48 50 4 22 35 51 39 23 96 77 32 24 51 84 62 21 89 49 26 15 36 78 85 24 50 69 11 46 63 31 46 3 8 75 59 33 87 21 19 29 68 44 78 22 77 65 12 85 61 57
93 26 89 88 88 89 56 48 101 69 1000000 17 104 92 99 89 27 48 105 100 54 15 71 105 73 55 27 50 47 26 58 111 68 18 46 75 91 66 14 36 48 103 17 43 120 47 54 16 77 82 69 84 54 65 102 32 41 90 77 19 96 52 119 29 89 97 49 71 42 10 40 6 69 71 88 93 45 35 91 62 31 47 6 68 102 69 14 78 92 102 109 106 43 35 32 90 87 57 7 56 54 47 30 69 90 99 25 77 53 82 87 87 92 72 70 43 57 62 98 58 56 69 101 90 93 21 108 75 30 18 63 23 68 62 58 13 94 79 49 53 44 26 63 105 60 108 28 80 83 110 57
82 30 74 87 73 82 60 35 95 69 17 1000000 96 93 85 77 35 49 92 94 44 28 63 96 57 40 24 39 30 10 50 102 67 31 51 58 78 51 4 44 32 91 29 26 108 46 44 17 74 81 65 81 45 48 96 35 31 89 77 21 98 43 108 12 86 85 33 57 26 19 24 21 64 72 77 83 29 35 82 60 23 39 14 65 89 63 30 61 95 90 100 97 29 25 29 77 78 47 21 61 45 36 21 69 90 95 36 68 57 66 73 81 92 60 54 28 53 46 90 52 54 60 87 75 92 31 96 76 39 6 55 28 68 61 42 12 89 63 47 56 40 9 52 92 66 95 12 79 67 101 43
21 83 57 49 53 23 76 62 24 56 104 96 1000000 61 38 26 90 69 36 17 52 102 34 5 72 63 78 57 84 87 47 7 56 103 79 78 37 60 100 88 71 22 98 83 28 63 52 88 42 48 41 38 51 87 22 79 64 45 55 87 67 52 20 89 37 27 76 54 90 96 78 103 40 59 24 13 90 73 13 51 74 57 98 45 39 38 109 79 70 27 5 2 69 71 72 32 17 49 102 77 51 60 75 52 54 31 97 28 76 80 50 24 58 38 74 72 51 88 7 47 57 35 38 59 54 93 17 63 93 90 42 86 59 55 74 91 27 70 61 72 63 89 43 34 78 30 85 49 65 6 57
72 65 102 13 98 40 38 76 39 25 92 93 61 1000000 91 74 66 44 92 44 66 81 51 57 106 85 69 70 101 90 56 66 26 80 47 112 85 90 96 58 88 79 77 98 89 47 64 78 27 16 37 26 61 114 41 60 69 16 17 73 7 61 81 94 25 80 95 89 104 82 90 87 40 21 71 62 106 58 58 36 72 61 87 34 93 44 87 114 9 83 62 63 82 74 64 80 57 66 86 38 63 71 74 26 8 31 72 55 41 117 95 40 4 70 106 86 44 113 56 49 39 55 91 104 7 72 77 17 66 87 52 69 25 33 98 82 35 107 46 39 54 92 65 90 35 88 90 17 105 65 79
20 86 21 78 18 52 92 51 59 77 99 85 38 91 1000000 18 95 80 7 53 47 102 44 43 41 45 76 50 63 75 50 40 76 104 91 46 8 37 90 96 54 16 99 64 28 72 49 85 65 75 59 66 50 59 58 84 59 76 80 85 98 52 33 75 67 11 56 30 70 93 62 100 56 82 20 30 69 77 34 67 69 57 93 63 3 52 108 47 99 11 41 38 57 64 73 12 34 44 100 93 48 52 69 73 84 65 101 38 91 47 16 52 88 30 45 58 62 60 40 55 71 42 2 23 85 96 23 87 99 81 49 88 80 72 50 86 59 37 71 86 68 77 40 8 96 13 73 75 32 39 42
6 73 31 61 27 35 75 42 44 59 89 77 26 74 18 1000000 81 64 21 38 35 89 27 31 46 40 64 39 60 68 35 31 59 91 75 52 12 35 81 81 48 14 86 60 31 57 36 74 48 58 42 48 36 62 43 70 48 58 62 73 81 38 32 69 50 9 52 29 67 82 56 89 39 64 2 15 67 62 18 50 58 43 83 46 20 35 96 53 82 14 30 27 49 54 60 7 17 32 88 76 35 41 58 56 66 49 87 21 75 54 24 35 70 17 48 51 46 62 25 39 54 25 18 33 68 82 20 69 85 72 32 75 62 55 49 76 42 43 55 70 53 69 26 19 79 20 66 58 39 30 35
84 9 91 64 88 71 29 47 81 45 27 35 90 66 95 81 1000000 24 100 82 48 15 57 89 80 58 20 45 59 39 46 97 44 14 20 84 87 68 36 10 54 94 10 55 111 27 46 19 55 59 50 63 45 77 83 11 36 67 52 15 70 43 107 43 67 90 58 72 57 18 48 21 51 46 80 81 60 18 78 41 29 38 24 48 98 53 21 87 66 95 94 92 46 34 22 84 74 50 20 29 46 44 30 47 66 78 7 64 26 91 87 70 66 65 78 48 39 75 83 43 35 57 96 92 68 6 97 49 5 32 50 8 43 39 66 23 74 85 29 27 28 40 55 99 34 101 40 57 87 96 56
66 22 81 40 78 47 14 42 57 21 48 49 69 44 80 64 24 1000000 84 58 37 39 38 67 77 53 26 38 63 48 31 75 20 39 11 82 72 62 52 20 53 76 34 59 92 8 35 34 31 34 27 38 32 79 59 16 32 43 29 30 49 31 87 53 43 73 59 64 64 38 52 44 29 23 62 61 67 15 58 18 31 28 43 24 83 32 45 85 46 78 72 71 45 34 22 69 54 38 43 15 35 38 34 22 42 54 31 45 12 89 76 46 44 51 76 49 18 78 62 25 11 39 81 83 45 29 78 27 26 44 32 25 20 15 65 39 50 80 9 8 16 50 42 83 19 84 48 32 81 74 50
20 92 27 80 25 53 96 58 58 80 105 92 36 92 7 21 100 84 1000000 52 53 108 48 41 48 52 82 56 70 82 55 37 79 110 95 53 14 44 96 101 61 14 104 71 22 77 54 91 67 77 62 67 55 66 57 89 65 77 82 91 99 57 28 82 68 12 63 37 77 100 69 106 59 84 22 31 76 82 35 71 75 62 100 66 5 55 114 53 101 9 39 35 63 71 78 16 36 50 106 97 54 58 75 76 85 65 107 41 95 53 23 53 89 35 52 64 66 67 39 60 74 45 5 29 86 101 20 89 104 88 53 94 83 76 57 93 59 44 76 90 73 83 45 2 99 7 80 77 38 36 49
34 76 69 32 65 11 63 64 6 42 100 94 17 44 53 38 82 58 52 1000000 52 95 31 13 81 67 73 57 88 86 44 22 42 96 68 87 50 67 98 78 74 38 91 86 45 55 51 84 28 33 32 23 49 94 5 71 62 28 40 81 50 50 37 89 21 42 80 62 93 91 80 97 31 45 35 23 94 66 20 41 71 54 94 34 54 31 102 89 53 43 18 19 71 69 67 44 22 50 97 64 50 60 72 39 37 13 89 28 64 91 62 13 40 44 83 74 44 94 13 42 47 35 53 71 37 86 35 48 84 88 38 80 45 44 79 87 10 80 53 60 56 89 45 50 64 47 85 34 76 21 61
39 39 45 56 42 42 51 12 55 44 54 44 52 66 47 35 48 37 53 52 1000000 55 21 53 41 19 30 5 37 35 11 59 43 57 47 46 39 26 48 50 23 48 52 34 66 29 2 39 40 50 30 46 5 48 56 37 13 56 50 39 73 6 65 37 50 43 29 27 41 47 28 54 27 49 34 40 42 30 39 32 23 10 48 32 50 24 61 49 72 48 57 54 18 19 26 37 35 3 54 52 3 8 24 41 61 56 54 25 49 53 40 41 64 18 41 22 23 47 47 17 31 18 49 46 63 49 53 54 52 38 15 41 45 36 32 41 49 44 28 44 22 37 9 52 55 54 34 49 44 57 14
93 18 95 79 93 83 44 51 95 59 15 28 102 81 102 89 15 39 108 95 55 1000000 68 101 82 61 25 52 57 35 56 109 58 3 34 84 94 71 28 23 55 103 4 53 120 40 54 17 69 73 63 76 53 75 96 23 42 82 67 16 84 51 118 39 81 98 58 76 53 10 48 9 64 61 89 91 57 29 89 55 32 46 15 61 105 65 7 87 81 103 106 104 48 38 30 92 85 58 8 44 54 50 33 61 80 92 10 75 41 92 92 82 81 73 79 49 51 73 95 55 48 67 103 96 83 9 107 64 16 27 60 15 58 53 66 19 87 87 42 42 39 36 63 107 48 109 37 71 90 107 61
29 50 51 39 47 21 48 33 34 33 71 63 34 51 44 27 57 38 48 31 21 68 1000000 34 56 38 44 26 57 55 13 41 32 69 49 62 37 40 67 56 44 38 64 55 54 31 20 55 24 35 15 27 18 66 34 46 31 38 37 53 58 19 50 58 31 36 50 38 62 62 49 69 12 38 25 24 63 39 21 23 41 24 65 19 47 8 75 64 58 40 38 36 40 38 39 33 17 19 69 49 19 29 42 30 44 36 64 7 48 67 44 20 48 19 57 43 19 66 28 14 27 4 45 53 46 60 41 43 60 57 8 53 36 28 50 58 29 57 29 43 29 58 15 46 52 46 54 34 54 40 31
25 83 61 45 57 20 73 64 18 53 105 96 5 57 43 31 89 67 41 13 53 101 34 1000000 76 66 78 58 87 88 47 9 53 102 77 82 41 63 101 87 73 28 97 86 33 62 53 89 38 44 39 34 52 91 17 78 65 41 51 87 63 53 24 91 33 32 79 58 93 96 80 103 38 56 28 16 93 72 15 49 74 57 99 43 44 37 108 83 66 33 6 7 71 72 72 36 19 50 102 74 52 61 76 49 49 26 96 29 74 85 54 21 53 41 78 74 50 91 7 47 55 36 43 63 50 93 23 59 92 91 42 86 56 53 77 92 22 74 60 69 62 91 45 39 75 35 87 45 70 9 60
52 72 22 95 24 74 91 35 86 85 73 57 72 106 41 46 80 77 48 81 41 82 56 76 1000000 24 60 40 28 48 51 77 84 85 86 6 38 16 61 86 27 55 80 31 69 69 43 65 79 90 69 83 46 18 85 73 46 94 91 67 113 48 74 45 87 48 25 19 35 72 34 77 66 90 48 60 33 66 62 72 52 50 69 72 44 62 86 8 113 51 76 73 35 47 59 41 59 41 77 92 44 39 50 82 100 90 85 55 89 12 25 74 104 38 4 33 64 19 70 58 72 52 43 21 102 79 63 95 86 55 54 72 86 77 16 63 82 6 69 85 61 48 41 49 96 54 46 89 11 75 28
46 49 34 75 33 58 67 11 71 62 55 40 63 85 45 40 58 53 52 67 19 61 38 66 24 1000000 38 16 21 30 29 69 61 63 62 28 38 11 45 63 9 53 58 21 70 45 21 43 59 69 49 64 24 29 71 49 22 74 69 45 92 25 71 30 68 46 13 16 27 51 17 57 46 67 40 50 27 43 51 50 29 26 50 51 48 42 66 31 91 51 68 64 13 24 36 39 47 20 57 68 22 16 28 60 79 73 63 39 65 35 32 57 83 25 23 12 42 28 59 36 49 34 47 35 82 57 59 73 63 37 34 50 64 54 13 43 66 28 45 61 38 32 22 52 72 56 28 68 30 68 6
68 12 71 63 69 61 38 27 74 45 27 24 78 69 76 64 20 26 82 73 30 25 44 78 60 38 1000000 26 41 22 31 85 43 28 29 64 68 48 27 26 34 78 22 36 95 22 28 11 50 57 42 58 28 58 75 13 17 65 53 9 74 26 93 27 63 73 38 52 40 19 29 25 42 48 63 67 43 11 65 36 9 21 21 42 80 42 32 67 71 78 82 80 26 14 5 67 61 33 25 38 29 25 10 45 66 72 25 50 35 71 67 60 68 48 58 28 30 56 71 31 31 43 78 72 69 20 82 52 25 18 36 12 44 37 46 15 67 65 24 33 17 25 38 81 43 84 23 55 67 83 37
44 37 46 60 43 47 52 7 60 46 50 39 57 70 50 39 45 38 56 57 5 52 26 58 40 16 26 1000000 32 30 15 64 45 54 47 44 42 25 43 49 19 53 49 30 70 29 6 35 44 54 34 50 9 44 61 36 9 60 53 35 76 9 69 32 54 47 25 27 36 44 23 50 31 51 39 44 38 28 44 34 19 10 44 36 53 29 58 47 75 52 62 59 14 15 23 41 40 8 50 52 7 3 19 44 64 61 51 30 50 51 41 46 68 22 39 17 26 43 52 21 33 23 52 47 67 46 58 57 50 33 20 38 48 38 29 37 54 43 29 45 22 32 14 55 56 58 28 53 43 62 12
66 52 48 92 48 78 77 25 91 77 47 30 84 101 63 60 59 63 70 88 37 57 57 87 28 21 41 32 1000000 22 47 90 76 60 69 29 57 27 33 67 14 73 56 4 90 56 38 41 76 86 66 82 41 18 92 54 33 92 85 44 108 41 92 18 87 66 8 34 7 47 12 51 64 82 61 71 6 50 72 65 33 40 43 68 66 61 60 31 106 70 89 85 19 29 42 58 68 39 51 78 39 30 31 76 96 93 62 60 74 36 48 78 99 46 25 15 57 16 80 53 63 54 65 48 99 56 80 87 64 30 52 51 78 69 14 38 86 34 57 71 49 21 43 71 82 75 20 85 39 89 27
73 32 64 83 63 76 60 25 89 65 26 10 87 90 75 68 39 48 82 86 35 35 55 88 48 30 22 30 22 1000000 42 94 64 38 52 49 68 40 14 47 22 81 35 18 99 43 35 20 68 77 59 75 37 40 89 35 24 84 73 24 96 36 99 5 80 75 23 47 19 25 14 29 58 69 68 75 22 33 74 55 18 33 22 59 79 56 39 52 93 80 92 89 19 18 26 68 70 38 30 61 36 27 15 65 86 89 41 60 57 57 63 75 89 51 45 18 47 38 82 46 51 52 77 65 89 35 87 74 43 8 48 30 65 57 32 17 82 53 44 55 36 3 44 82 66 85 2 75 57 92 33
38 38 51 46 48 33 43 22 46 34 58 50 47 56 50 35 46 31 55 44 11 56 13 47 51 29 31 15 47 42 1000000 54 33 58 41 56 42 35 54 47 34 48 52 44 65 23 9 42 30 40 19 35 6 58 47 35 18 45 40 40 63 7 62 46 40 44 40 35 51 50 37 57 17 39 34 35 52 28 34 22 28 11 52 22 53 14 63 59 62 49 51 49 28 25 26 39 30 10 56 44 8 17 29 31 50 47 53 19 42 62 45 32 54 21 51 32 14 57 41 7 22 11 51 53 52 48 51 44 50 44 6 41 36 26 42 45 40 53 22 37 18 45 11 53 48 55 41 39 52 52 24
25 91 60 54 56 29 83 69 27 62 111 102 7 66 40 31 97 75 37 22 59 109 41 9 77 69 85 64 90 94 54 1000000 62 110 86 82 40 66 107 95 77 24 105 90 25 70 59 96 48 54 48 44 58 93 25 86 71 50 61 94 72 59 16 96 42 30 82 60 96 103 84 110 47 65 30 19 96 80 20 58 81 64 105 51 40 45 116 83 75 29 4 5 76 78 80 36 24 56 110 83 58 67 82 59 58 35 104 35 83 84 53 30 62 45 79 79 58 93 14 54 64 42 39 62 59 100 17 69 100 97 49 94 65 62 79 98 31 74 68 78 70 96 50 35 84 30 92 55 69 2 64
59 41 83 20 79 33 21 52 40 1 68 67 56 26 76 59 44 20 79 42 43 58 32 53 84 61 43 45 76 64 33 62 1000000 58 27 89 69 68 71 38 64 68 54 72 82 22 40 53 14 15 17 20 38 90 42 36 43 23 9 49 32 36 76 69 24 67 70 67 78 58 65 64 20 6 57 51 80 33 47 11 46 36 63 13 79 25 65 92 30 71 58 58 56 48 39 65 45 42 63 22 40 46 49 3 23 35 51 38 22 95 76 32 25 50 83 60 19 88 49 25 13 36 77 84 25 49 69 12 45 62 30 45 4 7 74 58 33 86 20 18 28 67 43 77 22 77 64 12 84 61 56
95 19 98 78 96 84 43 54 95 59 18 31 103 80 104 91 14 39 110 96 57 3 69 102 85 63 28 54 60 38 58 110 58 1000000 33 87 96 74 31 22 58 105 5 56 122 40 56 20 70 73 64 77 55 78 97 24 45 81 66 19 84 53 119 42 81 100 60 79 57 13 51 12 64 60 91 93 60 30 91 55 35 48 18 62 107 66 7 90 80 105 107 105 51 40 32 94 87 60 11 43 56 52 36 61 80 92 9 76 40 95 94 83 80 75 82 52 52 76 96 56 49 69 106 99 82 10 109 63 15 30 62 17 57 54 69 22 88 90 43 41 40 39 65 109 47 111 40 71 93 109 63
77 21 91 46 88 57 10 51 66 27 46 51 79 47 91 75 20 11 95 68 47 34 49 77 86 62 29 47 69 52 41 86 27 33 1000000 90 83 71 53 12 61 87 30 65 103 19 45 35 40 41 38 47 43 86 68 16 40 49 34 30 51 41 98 57 51 84 66 73 69 36 58 41 39 28 73 71 72 20 68 28 37 37 42 34 94 42 40 93 47 89 82 81 52 41 28 80 65 49 40 10 45 46 39 30 47 62 25 56 7 97 86 56 47 62 84 56 29 84 72 36 22 50 92 93 49 25 89 30 19 46 42 24 25 24 72 39 59 89 20 8 25 54 52 94 15 95 52 39 90 84 59
57 76 26 101 28 80 96 39 92 90 75 58 78 112 46 52 84 82 53 87 46 84 62 82 6 28 64 44 29 49 56 82 89 87 90 1000000 43 22 62 90 30 61 83 32 74 74 49 67 85 96 75 89 51 15 92 76 50 100 96 70 119 53 79 46 92 54 27 25 35 74 36 78 72 95 53 66 32 70 68 78 55 54 71 78 48 68 88 3 118 57 82 78 38 50 63 47 65 46 79 97 49 44 53 88 106 96 88 61 93 8 31 80 109 44 6 36 70 17 76 64 77 57 48 25 108 82 68 101 89 57 60 75 92 82 18 66 88 9 74 89 66 49 47 54 101 59 47 94 15 81 33
16 78 20 73 16 47 84 44 56 70 91 78 37 85 8 12 87 72 14 50 39 94 37 41 38 38 68 42 57 68 42 40 69 96 83 43 1000000 30 82 88 47 18 91 58 33 65 40 77 59 69 52 60 42 55 55 76 51 70 73 77 93 44 36 68 62 11 50 23 64 85 55 92 49 75 15 27 63 68 30 60 61 49 85 56 11 45 100 44 94 14 40 37 49 56 65 5 29 36 92 86 40 44 61 67 78 61 93 31 84 44 13 47 82 22 41 50 55 56 37 48 63 34 10 22 80 88 25 80 91 73 41 80 73 65 44 78 54 34 63 79 60 69 32 14 88 18 66 69 29 39 35
41 60 24 79 22 60 76 21 72 69 66 51 60 90 37 35 68 62 44 67 26 71 40 63 16 11 48 25 27 40 35 66 68 74 71 22 30 1000000 54 73 18 47 69 28 63 54 28 54 63 74 53 67 30 27 71 59 32 78 75 56 97 32 65 40 71 40 20 7 34 62 27 68 50 74 36 47 33 52 49 57 40 34 60 56 40 46 76 24 97 44 65 61 23 34 46 32 46 25 68 77 28 25 38 66 84 75 73 40 74 28 22 59 88 23 17 23 49 28 57 42 57 36 38 25 86 67 54 79 73 47 38 60 70 61 14 54 68 18 54 70 47 41 25 44 81 48 38 73 19 64 12
86 32 78 90 77 86 62 39 99 72 14 4 100 96 90 81 36 52 96 98 48 28 67 101 61 45 27 43 33 14 54 107 71 31 53 62 82 54 1000000 45 36 95 29 30 113 49 48 18 77 84 68 84 49 51 100 37 36 92 80 23 101 48 112 16 89 89 37 61 28 19 28 19 67 75 81 87 31 38 87 63 27 43 13 68 93 67 29 64 98 94 104 102 33 29 32 82 83 51 20 63 49 40 25 72 93 98 36 72 59 69 77 85 95 64 57 32 56 48 94 56 58 65 91 79 96 31 101 79 40 10 59 29 71 64 45 14 92 67 51 58 44 13 57 96 68 99 16 82 71 105 47
84 15 95 57 92 67 21 52 77 39 36 44 88 58 96 81 10 20 101 78 50 23 56 87 86 63 26 49 67 47 47 95 38 22 12 90 88 73 45 1000000 60 94 20 62 110 25 48 28 51 52 47 58 47 84 79 14 41 61 45 23 62 45 106 52 62 90 64 76 65 27 56 31 48 39 80 80 68 21 77 37 35 40 33 44 100 51 29 93 58 95 92 90 52 40 27 85 73 53 30 21 49 48 37 41 58 73 14 63 18 97 90 66 59 67 84 55 37 82 81 43 31 57 98 96 61 15 97 41 8 40 49 17 37 35 72 32 70 91 27 20 29 49 57 100 25 101 48 50 92 94 61
54 45 42 79 40 65 67 12 78 65 48 32 71 88 54 48 54 53 61 74 23 55 44 73 27 9 34 19 14 22 34 77 64 58 61 30 47 18 36 60 1000000 62 53 12 79 46 25 38 63 73 53 69 28 26 78 46 21 79 72 40 95 28 80 22 73 55 6 24 19 45 9 50 50 70 49 58 20 41 58 53 25 28 43 55 57 48 59 33 94 60 76 72 8 20 33 47 55 25 50 68 26 17 23 63 83 79 58 46 65 38 40 64 87 33 25 6 44 25 67 40 51 40 56 42 86 52 68 75 59 29 39 45 66 56 12 37 72 32 46 61 38 23 29 61 72 65 20 72 35 76 14
10 86 37 67 33 40 86 56 45 69 103 91 22 79 16 14 94 76 14 38 48 103 38 28 55 53 78 53 73 81 48 24 68 105 87 61 18 47 95 94 62 1000000 99 73 18 69 49 88 56 65 51 54 50 72 43 83 62 63 70 87 86 52 19 82 55 7 65 40 80 96 69 102 49 73 14 18 79 75 22 61 72 57 97 55 17 45 109 61 88 5 25 22 62 68 73 15 24 45 102 87 49 55 72 65 72 51 101 31 86 62 30 40 76 31 58 64 58 73 25 51 65 37 16 38 73 96 8 78 98 86 45 88 72 65 60 89 46 52 67 81 66 83 40 11 89 9 79 65 46 23 48
90 14 93 74 90 79 40 49 90 55 17 29 98 77 99 86 10 34 104 91 52 4 64 97 80 58 22 49 56 35 52 105 54 5 30 83 91 69 29 20 53 99 1000000 52 117 36 50 16 65 69 59 72 50 74 92 19 39 77 63 13 81 48 114 39 77 95 56 74 53 10 47 11 59 57 85 87 56 25 85 51 30 43 16 57 102 61 11 86 77 100 102 100 46 35 26 89 81 55 10 40 51 47 31 56 76 88 7 71 37 90 89 78 77 70 78 48 47 72 91 51 44 63 100 94 78 5 104 60 13 27 56 11 53 49 65 18 83 85 38 38 35 36 60 103 44 106 36 67 88 103 58
66 47 50 89 50 76 73 23 89 74 43 26 83 98 64 60 55 59 71 86 34 53 55 86 31 21 36 30 4 18 44 90 72 56 65 32 58 28 30 62 12 73 52 1000000 90 53 36 37 73 83 63 79 38 23 90 50 29 89 81 40 104 38 92 14 84 66 8 35 7 43 8 47 61 78 61 70 8 45 71 62 29 37 39 65 67 59 56 35 102 71 88 85 16 25 38 59 67 37 47 74 37 28 26 72 93 91 58 58 70 39 50 75 96 45 28 12 54 20 79 50 59 52 66 50 96 52 80 83 60 26 50 46 74 65 16 34 84 37 54 67 45 17 41 71 78 76 16 81 41 88 26
27 103 49 77 46 51 101 74 51 82 120 108 28 89 28 31 111 92 22 45 66 120 54 33 69 70 95 70 90 99 65 25 82 122 103 74 33 63 113 110 79 18 117 90 1000000 85 67 105 68 76 66 66 67 87 50 100 79 73 82 104 96 69 10 100 65 24 82 56 97 113 87 120 64 86 32 31 96 93 35 76 89 74 114 70 26 60 127 74 98 19 28 26 80 85 91 31 38 63 120 102 66 73 90 79 82 59 118 47 101 74 44 51 86 48 73 82 74 88 34 68 81 54 26 50 82 113 14 90 115 103 61 106 85 80 77 107 55 65 84 96 83 101 57 20 103 15 97 77 59 25 66
59 21 73 42 70 44 22 35 55 23 47 46 63 47 72 57 27 8 77 55 29 40 31 62 69 45 22 29 56 43 23 70 22 40 19 74 65 54 49 25 46 69 36 53 85 1000000 27 32 30 36 23 37 24 72 56 16 24 44 31 28 53 22 81 47 42 66 51 55 58 37 45 43 24 27 55 55 60 12 52 15 25 19 41 21 76 26 47 76 51 71 67 66 38 28 17 61 48 30 43 23 26 30 28 23 44 52 34 38 20 81 68 43 46 43 68 41 12 70 57 18 9 32 74 75 47 31 72 32 30 40 24 25 23 15 57 36 48 72 2 16 8 45 34 75 27 77 42 34 72 69 41
40 38 47 54 44 41 49 13 54 41 54 44 52 64 49 36 46 35 54 51 2 54 20 53 43 21 28 6 38 35 9 59 40 56 45 49 40 28 48 48 25 49 50 36 67 27 1000000 38 38 49 28 44 3 50 55 36 12 54 48 38 71 4 65 38 48 44 31 29 43 46 29 53 26 46 35 40 44 28 39 29 23 8 47 30 52 23 60 51 70 49 56 54 20 19 24 38 35 4 53 50 1 8 23 39 59 55 52 24 47 55 42 40 62 19 43 23 21 49 46 15 29 17 50 48 61 47 54 52 50 38 14 40 43 34 34 40 48 46 26 42 20 38 10 53 53 55 34 47 46 57 16
78 14 78 73 76 72 44 34 85 54 16 17 88 78 85 74 19 34 91 84 39 17 55 89 65 43 11 35 41 20 42 96 53 20 35 67 77 54 18 28 38 88 16 37 105 32 38 1000000 61 67 53 68 38 59 86 19 26 75 62 5 83 36 103 24 73 82 41 59 38 8 31 15 53 57 73 77 41 20 76 46 16 32 10 52 89 53 23 70 80 87 93 90 31 21 16 76 72 42 15 44 39 33 16 55 76 83 21 61 41 75 75 71 77 57 62 32 41 57 82 42 41 53 87 79 78 16 92 61 24 12 47 11 53 47 49 5 78 70 34 40 28 21 48 90 49 93 21 65 72 94 44
47 51 74 16 70 18 35 51 26 14 77 74 42 27 65 48 55 31 67 28 40 69 24 38 79 59 50 44 76 68 30 48 14 70 40 85 59 63 77 51 63 56 65 73 68 30 38 61 1000000 11 10 7 36 88 28 46 45 16 15 57 35 35 62 72 12 55 69 61 80 67 66 73 13 18 45 38 81 41 34 15 51 37 71 9 68 17 76 87 35 59 44 44 57 51 45 54 32 39 72 36 37 46 53 11 21 23 62 28 36 90 67 18 25 43 79 61 21 87 35 23 21 28 66 76 23 60 55 22 57 68 25 55 17 16 72 65 19 80 28 32 34 71 38 65 36 64 68 10 78 47 53
57 56 85 6 81 26 34 61 29 14 82 81 48 16 75 58 59 34 77 33 50 73 35 44 90 69 57 54 86 77 40 54 15 73 41 96 69 74 84 52 73 65 69 83 76 36 49 67 11 1000000 21 10 46 98 31 50 54 9 8 63 24 45 69 81 12 65 79 72 89 72 75 78 24 14 56 47 91 47 43 21 59 46 77 18 78 28 80 98 24 68 50 50 67 60 52 64 42 50 77 35 48 56 61 13 10 22 65 38 36 101 78 25 14 54 90 71 30 97 42 33 27 39 76 87 13 64 64 15 59 75 36 59 16 21 82 72 23 91 34 32 41 79 48 75 33 73 76 2 89 53 64
42 45 66 26 62 20 35 41 32 18 69 65 41 37 59 42 50 27 62 32 30 63 15 39 69 49 42 34 66 59 19 48 17 64 38 75 52 53 68 47 53 51 59 63 66 23 28 53 10 21 1000000 16 25 78 33 40 35 26 22 50 44 25 60 63 21 50 59 52 70 60 56 66 3 23 40 35 71 34 31 10 42 27 63 4 62 8 70 77 44 54 45 44 47 42 37 48 28 29 66 36 27 36 44 14 31 30 57 21 35 81 59 19 34 34 70 51 12 77 34 13 16 19 60 68 33 54 52 28 53 59 15 48 21 14 62 57 25 71 21 30 25 62 28 60 38 60 58 19 69 47 43
47 58 77 13 72 15 41 57 20 20 84 81 38 26 66 48 63 38 67 23 46 76 27 34 83 64 58 50 82 75 35 44 20 77 47 89 60 67 84 58 69 54 72 79 66 37 44 68 7 10 16 1000000 41 93 22 53 52 11 17 65 33 41 58 79 5 55 75 65 86 74 72 81 18 22 46 37 87 49 33 22 58 43 78 16 68 21 83 91 34 58 40 40 63 58 52 55 31 44 80 42 43 52 60 17 18 15 69 30 42 94 69 15 22 46 84 67 28 92 32 30 28 31 66 79 20 67 53 25 64 75 30 62 23 23 77 72 13 83 35 38 41 78 42 65 41 63 74 11 81 43 58
40 37 49 51 46 39 46 16 52 39 54 45 51 61 50 36 45 32 55 49 5 53 18 52 46 24 28 9 41 37 6 58 38 55 43 51 42 30 49 47 28 50 50 38 67 24 3 38 36 46 25 41 1000000 52 53 34 13 51 45 37 68 2 65 40 46 45 34 31 45 46 31 53 23 44 35 39 46 27 38 27 23 7 48 27 53 20 60 54 67 50 55 53 22 20 23 39 34 6 53 47 2 11 24 36 56 53 51 23 44 58 44 38 59 20 46 26 18 51 45 12 26 16 51 51 58 46 54 49 49 39 12 39 40 31 37 41 46 49 24 40 18 39 10 54 51 56 36 44 48 56 19
68 70 40 104 41 86 93 38 99 91 65 48 87 114 59 62 77 79 66 94 48 75 66 91 18 29 58 44 18 40 58 93 90 78 86 15 55 27 51 84 26 72 74 23 87 72 50 59 88 98 78 93 52 1000000 99 71 48 103 98 63 121 53 91 36 97 65 21 33 23 65 29 69 75 96 63 75 20 66 76 79 50 54 61 80 62 71 78 16 120 68 92 88 34 46 59 58 73 49 69 94 51 43 48 89 108 102 81 67 91 20 43 86 112 51 14 31 70 3 85 65 77 62 61 39 111 75 79 101 82 48 63 69 92 82 16 57 94 23 72 87 64 39 51 67 98 72 38 97 29 91 35
39 78 74 29 70 14 63 67 2 42 102 96 22 41 58 43 83 59 57 5 56 96 34 17 85 71 75 61 92 89 47 25 42 97 68 92 55 71 100 79 78 43 92 90 50 56 55 86 28 31 33 22 53 99 1000000 73 65 25 38 83 47 53 41 92 19 46 84 67 97 93 83 99 33 44 40 28 97 67 25 41 73 57 96 35 59 33 103 93 50 48 22 23 74 72 69 49 26 53 98 64 54 63 75 39 33 10 90 32 64 95 66 15 37 48 87 78 45 98 18 44 48 38 58 76 34 87 39 46 85 90 41 81 45 44 83 89 9 85 54 60 58 92 49 54 63 51 88 32 81 25 65
73 6 81 56 78 60 26 38 71 37 32 35 79 60 84 70 11 16 89 71 37 23 46 78 73 49 13 36 54 35 35 86 36 24 16 76 76 59 37 14 46 83 19 50 100 16 36 19 46 50 40 53 34 71 73 1000000 27 59 45 14 64 32 96 40 58 79 51 63 53 22 42 28 40 39 69 70 56 7 67 31 21 27 27 38 87 42 30 79 61 84 83 81 38 26 13 73 63 40 27 26 36 34 23 38 58 68 18 53 22 84 77 59 60 54 71 41 28 69 72 32 25 46 85 83 61 14 86 43 15 30 38 9 36 30 58 23 64 77 19 21 17 38 44 88 31 90 36 48 78 85 47
52 28 54 60 52 51 46 11 64 44 41 31 64 69 59 48 36 32 65 62 13 42 31 65 46 22 17 9 33 24 18 71 43 45 40 50 51 32 36 41 21 62 39 29 79 24 12 26 45 54 35 52 13 48 65 27 1000000 61 52 26 75 12 78 28 56 56 27 36 35 34 21 41 34 49 47 52 37 20 51 33 10 9 35 36 63 32 48 53 73 61 69 66 13 7 14 50 47 16 41 47 13 8 11 43 64 65 42 36 43 57 50 50 67 31 45 17 25 46 58 22 30 29 61 56 67 37 67 54 41 26 24 29 45 36 33 28 58 50 25 40 16 27 22 65 51 67 23 53 51 70 20
56 64 87 4 83 24 42 67 23 22 90 89 45 16 76 58 67 43 77 28 56 82 38 41 94 74 65 60 92 84 45 50 23 81 49 100 70 78 92 61 79 63 77 89 73 44 54 75 16 9 26 11 51 103 25 59 61 1000000 16 71 23 51 65 88 9 65 85 76 96 80 82 86 29 22 56 46 97 55 42 29 66 53 85 25 78 32 88 102 25 68 46 47 73 67 60 65 41 55 86 43 53 62 69 21 9 16 74 40 44 105 80 24 13 57 95 77 37 103 39 39 35 42 76 90 9 72 61 22 68 83 41 68 24 29 87 80 19 94 42 41 49 87 53 74 41 72 83 11 92 49 68
62 50 88 12 84 32 26 60 36 8 77 77 55 17 80 62 52 29 82 40 50 67 37 51 91 69 53 53 85 73 40 61 9 66 34 96 73 75 80 45 72 70 63 81 82 31 48 62 15 8 22 17 45 98 38 45 52 16 1000000 58 23 44 75 78 20 70 78 74 87 67 73 72 25 6 60 53 89 42 49 19 56 45 72 19 82 30 73 99 22 73 57 57 65 57 48 69 47 50 71 27 47 55 58 9 14 30 58 42 28 102 81 31 15 56 91 69 28 97 49 33 23 41 80 90 16 57 70 8 53 71 37 54 9 16 82 67 30 92 29 25 37 76 50 80 25 79 73 6 91 60 64
77 9 79 69 77 70 39 35 82 50 19 21 87 73 85 73 15 30 91 81 39 16 53 87 67 45 9 35 44 24 40 94 49 19 30 70 77 56 23 23 40 87 13 40 104 28 38 5 57 63 50 65 37 63 83 14 26 71 58 1000000 78 35 102 29 70 82 43 60 42 10 34 16 50 53 73 76 45 16 74 43 16 30 14 49 89 50 22 73 75 87 91 89 33 22 14 76 70 42 16 40 38 33 17 51 72 80 18 59 36 77 76 69 73 57 65 35 38 60 80 40 37 52 87 80 74 12 91 57 20 17 45 7 49 43 52 9 75 72 30 35 25 26 47 90 44 93 25 61 74 92 45
79 70 109 20 105 47 41 83 45 31 96 98 67 7 98 81 70 49 99 50 73 84 58 63 113 92 74 76 108 96 63 72 32 84 51 119 93 97 101 62 95 86 81 104 96 53 71 83 35 24 44 33 68 121 47 64 75 23 23 78 1000000 67 87 100 31 87 101 96 110 86 96 91 47 26 78 69 112 63 65 42 78 68 92 41 100 51 91 121 5 90 68 69 88 80 70 87 64 73 90 41 70 78 80 32 15 37 75 62 44 125 102 46 10 77 114 92 51 120 62 56 45 62 99 111 13 76 84 22 69 93 59 73 30 39 105 87 41 114 52 43 60 98 72 97 37 95 95 24 113 71 86
42 35 51 51 48 40 44 16 53 37 52 43 52 61 52 38 43 31 57 50 6 51 19 53 48 25 26 9 41 36 7 59 36 53 41 53 44 32 48 45 28 52 48 38 69 22 4 36 35 45 25 41 2 53 53 32 12 51 44 35 67 1000000 67 39 46 47 34 33 45 45 31 51 23 42 37 41 46 25 39 25 22 5 46 27 55 21 58 55 66 52 57 54 22 19 22 41 35 8 51 45 4 11 23 35 55 53 49 25 43 59 46 39 59 22 47 26 17 52 47 12 25 17 53 52 58 44 56 48 47 38 12 37 39 29 38 39 47 50 22 38 16 38 12 56 49 58 35 44 50 58 20
26 100 54 69 51 43 96 73 43 76 119 108 20 81 33 32 107 87 28 37 65 118 50 24 74 71 93 69 92 99 62 16 76 119 98 79 36 65 112 106 80 19 114 92 10 81 65 103 62 69 60 58 65 91 41 96 78 65 75 102 87 67 1000000 100 57 26 84 59 98 111 88 118 58 79 31 27 98 89 30 70 88 72 113 64 32 56 125 80 90 23 19 18 80 84 88 33 33 62 118 96 65 72 89 72 74 50 114 43 96 80 49 44 78 48 77 82 69 92 27 64 76 51 32 56 74 110 12 83 111 103 58 103 79 75 79 106 47 70 79 91 79 101 56 26 97 20 97 69 65 16 66
74 37 63 87 62 79 65 27 92 70 29 12 89 94 75 69 43 53 82 89 37 39 58 91 45 30 27 32 18 5 46 96 69 42 57 46 68 40 16 52 22 82 39 14 100 47 38 24 72 81 63 79 40 36 92 40 28 88 78 29 100 39 100 1000000 84 76 21 46 14 29 13 33 61 74 69 76 17 38 76 59 22 36 25 63 78 60 42 49 98 81 94 91 20 21 30 68 72 40 33 66 39 30 20 69 91 92 46 62 62 54 62 78 93 52 42 18 51 34 84 50 55 55 77 63 93 40 88 79 48 12 51 35 70 61 30 21 86 51 49 60 40 3 46 82 71 86 5 79 55 94 34
48 63 79 12 75 15 45 61 17 24 89 86 37 25 67 50 67 43 68 21 50 81 31 33 87 68 63 54 87 80 40 42 24 81 51 92 62 71 89 62 73 55 77 84 65 42 48 73 12 12 21 5 46 97 19 58 56 9 20 70 31 46 57 84 1000000 56 79 68 91 79 77 85 23 25 47 37 92 53 33 27 63 48 83 21 69 26 88 95 33 59 38 39 68 63 57 57 33 48 85 46 47 57 65 21 17 11 74 33 46 97 72 15 21 49 88 72 33 96 31 34 33 35 67 81 18 72 53 27 69 80 35 67 27 28 81 77 11 87 40 42 46 83 46 66 45 64 79 13 84 41 62
9 82 30 68 26 41 84 50 48 68 97 85 27 80 11 9 90 73 12 42 43 98 36 32 48 46 73 47 66 75 44 30 67 100 84 54 11 40 89 90 55 7 95 66 24 66 44 82 55 65 50 55 45 65 46 79 56 65 70 82 87 47 26 76 56 1000000 58 33 73 91 63 97 47 72 11 19 72 71 23 59 67 52 91 54 13 43 104 54 89 5 30 27 56 62 68 8 24 40 97 85 44 50 67 64 73 54 96 29 84 55 23 41 77 25 51 58 55 66 28 48 63 34 11 32 74 91 15 77 94 80 41 84 71 64 53 84 48 45 64 79 62 77 35 10 87 11 73 65 40 29 42
58 50 42 85 41 71 73 18 84 71 49 33 76 95 56 52 58 59 63 80 29 58 50 79 25 13 38 25 8 23 40 82 70 60 66 27 50 20 37 64 6 65 56 8 82 51 31 41 69 79 59 75 34 21 84 51 27 85 78 43 101 34 84 21 79 58 1000000 27 15 48 10 52 57 76 53 63 14 46 64 59 30 34 45 61 59 54 61 30 100 63 81 77 14 25 38 51 60 31 52 74 32 24 28 69 90 85 62 52 70 34 42 70 93 38 22 10 51 19 72 46 57 46 58 42 92 56 72 81 63 31 45 49 72 63 9 39 78 30 52 67 44 23 35 63 78 68 21 78 34 81 19
35 63 19 77 17 56 77 25 67 68 71 57 54 89 30 29 72 64 37 62 27 76 38 58 19 16 52 27 34 47 35 60 67 79 73 25 23 7 61 76 24 40 74 35 56 55 29 59 61 72 52 65 31 33 67 63 36 76 74 60 96 33 59 46 68 33 27 1000000 41 67 33 73 49 73 30 42 40 56 44 56 44 36 66 55 33 45 82 26 96 37 59 55 29 39 50 25 41 25 73 78 29 28 43 65 82 71 78 36 76 29 16 55 86 19 20 29 49 34 52 42 57 34 32 20 84 72 47 79 77 53 37 64 70 61 21 59 64 19 55 71 49 48 24 37 82 41 44 71 17 58 16
73 50 55 95 55 83 77 30 96 79 42 26 90 104 70 67 57 64 77 93 41 53 62 93 35 27 40 36 7 19 51 96 78 57 69 35 64 34 28 65 19 80 53 7 97 58 43 38 80 89 70 86 45 23 97 53 35 96 87 42 110 45 98 14 91 73 15 41 1000000 44 14 46 68 84 68 77 3 50 78 68 33 43 39 71 73 65 56 37 108 77 95 92 23 30 42 65 74 44 47 78 44 34 31 78 99 98 60 65 75 41 56 82 102 52 31 19 60 20 86 56 65 59 72 55 102 54 87 89 62 26 56 49 80 71 21 35 91 41 59 72 50 17 48 78 83 82 17 88 46 95 33
86 16 86 78 84 79 46 42 91 59 10 19 96 82 93 82 18 38 100 91 47 10 62 96 72 51 19 44 47 25 50 103 58 13 36 74 85 62 19 27 45 96 10 43 113 37 46 8 67 72 60 74 46 65 93 22 34 80 67 10 86 45 111 29 79 91 48 67 44 1000000 38 7 60 61 82 85 47 26 83 52 24 40 6 58 97 60 14 77 83 96 100 98 39 29 24 84 79 50 6 46 47 41 24 60 80 89 17 69 43 82 83 78 82 65 69 40 47 63 90 50 46 61 95 87 83 12 100 65 21 17 54 13 58 52 56 8 84 77 39 43 34 26 56 99 51 102 27 70 80 102 52
62 41 50 81 49 70 65 16 83 66 40 24 78 90 62 56 48 52 69 80 28 48 49 80 34 17 29 23 12 14 37 84 65 51 58 36 55 27 28 56 9 69 47 8 87 45 29 31 66 75 56 72 31 29 83 42 21 82 73 34 96 31 88 13 77 63 10 33 14 38 1000000 43 54 70 57 65 16 38 65 54 21 29 35 57 65 51 52 39 94 68 82 79 9 17 30 55 61 30 43 66 30 20 19 64 85 84 52 52 63 44 49 69 88 40 31 6 46 27 73 42 51 45 64 51 88 46 76 76 54 22 42 40 66 57 18 30 77 39 46 59 37 15 35 69 71 73 12 74 43 83 21
93 22 91 84 90 86 51 49 98 65 6 21 103 87 100 89 21 44 106 97 54 9 69 103 77 57 25 50 51 29 57 110 64 12 41 78 92 68 19 31 50 102 11 47 120 43 53 15 73 78 66 81 53 69 99 28 41 86 72 16 91 51 118 33 85 97 52 73 46 7 43 1000000 66 67 88 92 49 32 90 59 31 46 8 65 103 67 10 81 87 102 107 105 44 35 31 91 86 57 1 51 54 48 31 66 86 96 19 75 47 86 89 85 87 72 74 45 54 66 97 56 52 68 101 92 88 16 107 70 24 21 61 19 63 58 61 14 91 82 46 48 41 30 63 105 55 108 31 76 85 109 58
39 45 63 29 59 20 38 38 32 21 69 64 40 40 56 39 51 29 59 31 27 64 12 38 66 46 42 31 64 58 17 47 20 64 39 72 49 50 67 48 50 49 59 61 64 24 26 53 13 24 3 18 23 75 33 40 34 29 25 50 47 23 58 61 23 47 57 49 68 60 54 66 1000000 26 37 32 69 34 29 12 41 25 63 7 59 4 70 74 47 51 43 42 45 40 36 44 26 26 66 39 25 34 43 18 34 31 58 18 38 77 56 19 38 31 67 49 12 74 33 12 17 16 57 65 36 55 50 31 54 58 12 48 24 17 59 56 25 67 22 33 25 60 25 57 40 57 57 23 66 45 40
64 44 89 18 85 36 20 58 42 5 71 72 59 21 82 64 46 23 84 45 49 61 38 56 90 67 48 51 82 69 39 65 6 60 28 95 75 74 75 39 70 73 57 78 86 27 46 57 18 14 23 22 44 96 44 39 49 22 6 53 26 42 79 74 25 72 76 73 84 61 70 67 26 1000000 62 56 86 37 52 17 52 42 66 19 84 30 67 98 24 76 62 62 62 53 44 70 50 49 66 21 46 52 54 8 19 36 52 44 22 101 82 35 21 56 89 66 25 94 53 32 19 41 82 90 22 52 73 6 47 66 36 48 4 13 80 62 35 92 25 19 34 72 49 82 20 82 69 12 90 64 62
5 72 34 59 29 32 74 42 41 57 88 77 24 71 20 2 80 62 22 35 34 89 25 28 48 40 63 39 61 68 34 30 57 91 73 53 15 36 81 80 49 14 85 61 32 55 35 73 45 56 40 46 35 63 40 69 47 56 60 73 78 37 31 69 47 11 53 30 68 82 57 88 37 62 1000000 13 68 61 16 48 58 42 82 44 22 33 95 55 80 15 29 25 49 53 59 9 15 31 88 75 34 41 58 54 64 47 86 18 73 56 26 32 68 17 50 51 44 64 23 38 52 23 20 36 65 82 19 67 84 72 31 74 60 53 50 75 40 46 54 68 52 70 25 21 77 21 66 55 41 28 35
11 73 46 49 42 22 70 50 29 51 93 83 13 62 30 15 81 61 31 23 40 91 24 16 60 50 67 44 71 75 35 19 51 93 71 66 27 47 87 80 58 18 87 70 31 55 40 77 38 47 35 37 39 75 28 70 52 46 53 76 69 41 27 76 37 19 63 42 77 85 65 92 32 56 13 1000000 77 62 4 44 62 46 87 39 32 29 98 67 71 22 18 14 57 59 62 21 6 36 91 71 39 47 63 48 54 35 88 17 70 69 39 22 59 25 62 59 43 75 11 37 50 24 30 48 56 83 18 60 84 78 31 76 54 49 61 80 29 58 53 65 53 77 31 28 72 26 73 47 54 18 44
73 53 53 97 53 84 80 31 97 81 45 29 90 106 69 67 60 67 76 94 42 57 63 93 33 27 43 38 6 22 52 96 80 60 72 32 63 33 31 68 20 79 56 8 96 60 44 41 81 91 71 87 46 20 97 56 37 97 89 45 112 46 98 17 92 72 14 40 3 47 16 49 69 86 68 77 1000000 52 78 70 36 45 42 73 72 66 59 35 110 77 95 92 24 32 45 65 74 44 50 81 45 35 33 80 101 99 63 66 77 39 54 83 104 52 29 20 62 17 86 58 67 59 71 53 103 57 86 91 65 29 57 52 82 73 19 38 92 39 61 74 52 20 49 77 85 81 20 89 44 95 33
66 11 74 53 71 54 28 32 66 34 35 35 73 58 77 62 18 15 82 66 30 29 39 72 66 43 11 28 50 33 28 80 33 30 20 70 68 52 38 21 41 75 25 45 93 12 28 20 41 47 34 49 27 66 67 7 20 55 42 16 63 25 89 38 53 71 46 56 50 26 38 32 34 37 61 62 52 1000000 60 27 17 20 30 33 80 35 36 73 61 76 77 75 32 21 8 66 56 32 31 28 28 28 19 35 56 64 25 46 25 78 69 53 58 47 65 36 22 65 66 25 21 39 78 76 58 21 79 42 22 29 31 14 34 27 53 25 59 70 14 22 10 35 37 81 33 82 33 45 72 78 40
15 71 49 45 45 18 66 49 25 48 91 82 13 58 34 18 78 58 35 20 39 89 21 15 62 51 65 44 72 74 34 20 47 91 68 68 30 49 87 77 58 22 85 71 35 52 39 76 34 43 31 33 38 76 25 67 51 42 49 74 65 39 30 76 33 23 64 44 78 83 65 90 29 52 16 4 78 60 1000000 41 61 44 85 35 36 26 96 69 66 26 18 15 56 58 60 25 4 36 90 67 38 47 62 44 50 31 85 15 66 71 42 18 54 26 64 59 40 76 9 35 46 22 34 51 51 81 21 56 81 77 29 74 51 45 62 78 25 60 50 61 50 76 30 32 69 30 72 43 56 19 45
51 37 72 28 68 30 26 41 40 12 62 60 51 36 67 50 41 18 71 41 32 55 23 49 72 50 36 34 65 55 22 58 11 55 28 78 60 57 63 37 53 61 51 62 76 15 29 46 15 21 10 22 27 79 41 31 33 29 19 43 42 25 70 59 27 59 59 56 68 52 54 59 12 17 48 44 70 27 41 1000000 38 25 56 7 70 16 62 81 41 63 55 53 46 38 31 56 38 32 58 27 29 36 40 10 31 37 48 30 26 84 66 29 34 40 72 50 9 78 44 14 7 26 68 74 34 46 62 23 43 54 20 40 14 5 63 51 33 75 13 21 20 58 32 69 29 69 55 20 74 57 45
63 20 63 65 61 60 44 19 72 48 31 23 74 72 69 58 29 31 75 71 23 32 41 74 52 29 9 19 33 18 28 81 46 35 37 55 61 40 27 35 25 72 30 29 89 25 23 16 51 59 42 58 23 50 73 21 10 66 56 16 78 22 88 22 63 67 30 44 33 24 21 31 41 52 58 62 36 17 61 38 1000000 17 25 42 73 40 38 58 76 72 78 76 17 6 9 60 57 27 30 45 23 17 2 47 69 72 34 46 41 63 59 59 71 41 50 20 30 48 68 30 33 39 71 64 71 28 77 57 34 17 33 21 48 39 37 18 66 57 26 39 18 20 32 75 49 77 17 57 59 79 29
47 30 55 52 52 43 42 16 56 37 47 39 57 61 57 43 38 28 62 54 10 46 24 57 50 26 21 10 40 33 11 64 36 48 37 54 49 34 43 40 28 57 43 37 74 19 8 32 37 46 27 43 7 54 57 27 9 53 45 30 68 5 72 36 48 52 34 36 43 40 29 46 25 42 42 46 45 20 44 25 17 1000000 41 28 60 24 53 57 66 57 61 59 21 15 17 46 40 12 46 42 8 11 18 36 56 56 45 29 40 61 50 42 59 27 49 25 17 52 51 14 23 22 58 56 59 39 61 47 42 34 16 32 38 29 38 34 50 53 19 35 12 35 17 61 46 63 32 45 53 63 22
87 22 84 83 83 83 52 42 95 64 6 14 98 87 93 83 24 43 100 94 48 15 65 99 69 50 21 44 43 22 52 105 63 18 42 71 85 60 13 33 43 97 16 39 114 41 47 10 71 77 63 78 48 61 96 27 35 85 72 14 92 46 113 25 83 91 45 66 39 6 35 8 63 66 82 87 42 30 85 56 25 41 1000000 62 97 63 17 74 88 96 103 100 37 29 26 84 81 51 8 52 48 41 24 64 85 93 23 71 49 78 82 81 87 66 66 38 51 59 92 52 50 63 95 85 88 19 102 70 27 14 57 18 63 56 53 7 88 75 43 48 38 22 57 99 57 102 24 75 78 104 51
46 43 70 24 66 23 31 43 33 14 68 65 45 34 63 46 48 24 66 34 32 61 19 43 72 51 42 36 68 59 22 51 13 62 34 78 56 56 68 44 55 55 57 65 70 21 30 52 9 18 4 16 27 80 35 38 36 25 19 49 41 27 64 63 21 54 61 55 71 58 57 65 7 19 44 39 73 33 35 7 42 28 62 1000000 66 11 68 80 40 58 48 47 48 42 36 52 32 32 64 32 29 38 44 11 28 31 55 25 32 84 63 22 32 38 72 52 12 79 38 15 13 23 64 72 31 52 56 24 50 59 18 46 17 11 64 56 26 74 19 27 25 62 31 64 34 64 59 17 72 50 45
21 90 23 81 20 54 95 55 61 80 102 89 39 93 3 20 98 83 5 54 50 105 47 44 44 48 80 53 66 79 53 40 79 107 94 48 11 40 93 100 57 17 102 67 26 76 52 89 68 78 62 68 53 62 59 87 63 78 82 89 100 55 32 78 69 13 59 33 73 97 65 103 59 84 22 32 72 80 36 70 73 60 97 66 1000000 55 111 48 102 12 42 38 60 68 76 15 36 48 103 96 52 56 72 76 86 67 104 41 94 48 18 54 90 33 47 61 65 63 41 58 74 45 2 24 87 99 23 89 102 84 52 91 82 75 53 90 61 39 74 89 71 80 43 6 99 12 76 78 33 40 46
35 46 59 33 55 20 41 36 32 25 69 63 38 44 52 35 53 32 55 31 24 65 8 37 62 42 42 29 61 56 14 45 25 66 42 68 45 46 67 51 48 45 61 59 60 26 23 53 17 28 8 21 20 71 33 42 32 32 30 50 51 21 56 60 26 43 54 45 65 60 51 67 4 30 33 29 66 35 26 16 40 24 63 11 55 1000000 72 70 51 47 41 40 42 39 36 40 23 23 66 42 22 31 42 22 38 33 60 14 41 74 52 19 41 26 63 46 14 71 31 11 20 11 53 61 40 56 47 36 56 57 9 49 28 21 56 56 26 63 24 36 26 59 21 53 44 53 55 27 62 43 37
100 25 100 85 98 90 50 57 102 66 14 30 109 87 108 96 21 45 114 102 61 7 75 108 86 66 32 58 60 39 63 116 65 7 40 88 100 76 29 29 59 109 11 56 127 47 60 23 76 80 70 83 60 78 103 30 48 88 73 22 91 58 125 42 88 104 61 82 56 14 52 10 70 67 95 98 59 36 96 62 38 53 17 68 111 72 1000000 91 87 109 113 111 53 43 36 98 92 64 9 50 61 56 39 68 87 99 16 81 47 95 97 89 87 79 83 54 58 76 102 61 55 74 109 101 89 16 114 70 22 31 67 22 64 60 70 23 94 91 49 48 46 39 70 113 54 115 41 78 94 114 66
58 79 26 103 29 82 99 42 94 93 78 61 79 114 47 53 87 85 53 89 49 87 64 83 8 31 67 47 31 52 59 83 92 90 93 3 44 24 64 93 33 61 86 35 74 76 51 70 87 98 77 91 54 16 93 79 53 102 99 73 121 55 80 49 95 54 30 26 37 77 39 81 74 98 55 67 35 73 69 81 58 57 74 80 48 70 91 1000000 121 57 83 80 41 53 66 48 67 49 82 100 52 47 56 90 108 98 91 63 96 4 31 82 112 46 9 39 72 19 77 66 80 60 48 25 110 85 69 103 92 60 62 78 94 85 21 69 90 10 77 92 69 52 50 54 104 60 50 97 15 82 36
81 66 109 21 105 49 37 82 48 29 92 95 70 9 99 82 66 46 101 53 72 81 58 66 113 91 71 75 106 93 62 75 30 80 47 118 94 97 98 58 94 88 77 102 98 51 70 80 35 24 44 34 67 120 50 61 73 25 22 75 5 66 90 98 33 89 100 96 108 83 94 87 47 24 80 71 110 61 66 41 76 66 88 40 102 51 87 121 1000000 92 71 72 86 78 67 89 65 72 86 37 69 76 78 31 17 40 71 63 40 124 102 48 12 77 113 90 49 118 64 55 43 62 100 111 16 72 86 19 65 90 59 70 28 37 104 84 44 114 49 40 58 96 71 99 33 97 93 25 113 74 86
12 87 32 71 29 44 89 55 49 72 102 90 27 83 11 14 95 78 9 43 48 103 40 33 51 51 78 52 70 80 49 29 71 105 89 57 14 44 94 95 60 5 100 71 19 71 49 87 59 68 54 58 50 68 48 84 61 68 73 87 90 52 23 81 59 5 63 37 77 96 68 102 51 76 15 22 77 76 26 63 72 57 96 58 12 47 109 57 92 1000000 30 27 61 67 73 12 27 45 102 90 49 55 72 68 76 56 101 33 88 57 26 44 80 30 54 63 59 69 30 53 67 39 11 34 77 96 12 81 99 85 46 89 75 68 58 89 50 48 69 83 67 82 40 7 91 6 78 68 42 28 47
25 87 60 50 56 26 79 67 24 58 109 100 5 62 41 30 94 72 39 18 57 106 38 6 76 68 82 62 89 92 51 4 58 107 82 82 40 65 104 92 76 25 102 88 28 67 56 93 44 50 45 40 55 92 22 83 69 46 57 91 68 57 19 94 38 30 81 59 95 100 82 107 43 62 29 18 95 77 18 55 78 61 103 48 42 41 113 83 71 30 1000000 4 74 75 77 36 22 53 107 80 55 64 79 55 55 31 101 32 80 84 53 27 59 43 79 77 55 92 11 51 61 40 41 62 55 97 19 65 97 94 46 90 62 58 78 96 28 74 65 75 67 94 48 36 80 32 90 51 69 3 62
21 86 57 51 53 25 78 64 25 58 106 97 2 63 38 27 92 71 35 19 54 104 36 7 73 64 80 59 85 89 49 5 58 105 81 78 37 61 102 90 72 22 100 85 26 66 54 90 44 50 44 40 53 88 23 81 66 47 57 89 69 54 18 91 39 27 77 55 92 98 79 105 42 62 25 14 92 75 15 53 76 59 100 47 38 40 111 80 72 27 4 1000000 71 73 75 32 19 51 105 79 53 61 77 55 56 33 99 30 79 81 50 26 60 40 75 74 54 89 9 49 59 37 37 59 56 95 16 65 95 92 44 88 61 58 75 93 28 70 64 74 65 91 45 33 80 29 87 51 65 4 59
54 37 47 73 45 61 59 7 74 58 43 29 69 82 57 49 46 45 63 71 18 48 40 71 35 13 26 14 19 19 28 76 56 51 52 38 49 23 33 52 8 62 46 16 80 38 20 31 57 67 47 63 22 34 74 38 13 73 65 33 88 22 80 20 68 56 14 29 23 39 9 44 45 62 49 57 24 32 56 46 17 21 37 48 60 42 53 41 86 61 74 71 1000000 12 25 49 53 21 44 60 21 11 16 56 77 75 51 43 56 46 45 60 80 32 33 4 37 33 65 34 43 36 59 48 79 45 68 68 51 24 33 38 59 49 20 31 68 40 38 53 30 21 26 63 64 67 17 65 42 74 14
58 26 57 66 55 58 48 14 71 49 35 25 71 74 64 54 34 34 71 69 19 38 38 72 47 24 14 15 29 18 25 78 48 40 41 50 56 34 29 40 20 68 35 25 85 28 19 21 51 60 42 58 20 46 72 26 7 67 57 22 80 19 84 21 63 62 25 39 30 29 17 35 40 53 53 59 32 21 58 38 6 15 29 42 68 39 43 53 78 67 75 73 12 1000000 13 55 54 22 35 49 20 12 5 48 70 71 39 43 45 57 54 57 72 37 45 15 30 44 65 28 35 36 66 59 72 33 73 59 39 19 31 26 50 41 32 22 65 51 29 42 20 20 28 70 53 73 17 58 53 76 23
64 14 68 58 66 56 35 25 68 40 32 29 72 64 73 60 22 22 78 67 26 30 39 72 59 36 5 23 42 26 26 80 39 32 28 63 65 46 32 27 33 73 26 38 91 17 24 16 45 52 37 52 23 59 69 13 14 60 48 14 70 22 88 30 57 68 38 50 42 24 30 31 36 44 59 62 45 8 60 31 9 17 26 36 76 36 36 66 67 73 77 75 25 13 1000000 62 56 28 30 36 25 22 11 40 61 67 28 45 33 70 64 55 64 43 58 28 25 57 66 26 26 38 74 70 64 23 77 48 27 23 31 15 40 32 45 20 61 64 19 30 12 28 34 77 41 79 26 50 65 78 34
11 76 25 68 21 42 81 43 50 65 90 77 32 80 12 7 84 69 16 44 37 92 33 36 41 39 67 41 58 68 39 36 65 94 80 47 5 32 82 85 47 15 89 59 31 61 38 76 54 64 48 55 39 58 49 73 50 65 69 76 87 41 33 68 57 8 51 25 65 84 55 91 44 70 9 21 65 66 25 56 60 46 84 52 15 40 98 48 89 12 36 32 49 55 62 1000000 24 34 90 82 38 43 60 62 73 56 91 27 80 49 18 42 77 19 44 50 51 58 32 44 59 30 13 27 74 85 22 75 88 73 37 78 68 61 46 77 49 38 60 75 57 69 29 15 84 18 66 64 33 34 35
15 67 48 44 44 18 63 45 27 45 87 78 17 57 34 17 74 54 36 22 35 85 17 19 59 47 61 40 68 70 30 24 45 87 65 65 29 46 83 73 55 24 81 67 38 48 35 72 32 42 28 31 34 73 26 63 47 41 47 70 64 35 33 72 33 24 60 41 74 79 61 86 26 50 15 6 74 56 4 38 57 40 81 32 36 23 92 67 65 27 22 19 53 54 56 24 1000000 32 86 64 34 43 58 42 49 32 81 11 63 69 40 18 54 23 61 56 36 73 12 31 43 18 35 50 51 77 24 54 78 73 25 70 48 42 58 74 25 58 46 58 46 72 26 33 66 32 68 42 54 23 41
36 42 43 55 40 40 52 14 53 44 57 47 49 66 44 32 50 38 50 50 3 58 19 50 41 20 33 8 39 38 10 56 42 60 49 46 36 25 51 53 25 45 55 37 63 30 4 42 39 50 29 44 6 49 53 40 16 55 50 42 73 8 62 40 48 40 31 25 44 50 30 57 26 49 31 36 44 32 36 32 27 12 51 32 48 23 64 49 72 45 53 51 21 22 28 34 32 1000000 57 53 4 11 27 41 60 54 57 22 50 53 38 39 63 15 41 24 24 48 44 17 32 15 46 45 62 51 50 54 55 41 14 44 45 36 33 44 47 43 30 46 24 40 6 49 56 51 37 48 43 54 14
93 21 91 83 90 85 49 49 97 64 7 21 102 86 100 88 20 43 106 97 54 8 69 102 77 57 25 50 51 30 56 110 63 11 40 79 92 68 20 30 50 102 10 47 120 43 53 15 72 77 66 80 53 69 98 27 41 86 71 16 90 51 118 33 85 97 52 73 47 6 43 1 66 66 88 91 50 31 90 58 30 46 8 64 103 66 9 82 86 102 107 105 44 35 30 90 86 57 1000000 50 53 48 31 65 85 95 17 75 46 86 89 84 86 72 74 45 53 67 96 56 52 67 101 92 87 15 107 69 23 22 61 18 62 57 61 14 90 82 45 47 41 30 62 105 54 108 32 75 85 108 58
78 31 96 39 92 54 1 57 62 22 56 61 77 38 93 76 29 15 97 64 52 44 49 74 92 68 38 52 78 61 44 83 22 43 10 97 86 77 63 21 68 87 40 74 102 23 50 44 36 35 36 42 47 94 64 26 47 43 27 40 41 45 96 66 46 85 74 78 78 46 66 51 39 21 75 71 81 28 67 27 45 42 52 32 96 42 50 100 37 90 80 79 60 49 36 82 64 53 50 1000000 49 53 47 25 39 57 34 56 4 104 90 53 39 65 91 63 31 92 70 38 23 52 94 97 41 35 89 22 28 56 45 34 19 22 80 49 55 95 23 7 31 63 56 95 5 95 61 33 95 82 64
39 38 47 53 44 40 48 14 53 41 54 45 51 63 48 35 46 35 54 50 3 54 19 52 44 22 29 7 39 36 8 58 40 56 45 49 40 28 49 49 26 49 51 37 66 26 1 39 37 48 27 43 2 51 54 36 13 53 47 38 70 4 65 39 47 44 32 29 44 47 30 54 25 46 34 39 45 28 38 29 23 8 48 29 52 22 61 52 69 49 55 53 21 20 25 38 34 4 53 49 1000000 10 24 39 58 54 53 23 47 56 42 39 61 19 44 24 20 50 45 15 28 16 50 48 60 48 53 51 51 39 13 40 42 33 35 41 47 47 26 42 20 39 9 53 53 55 35 46 46 56 16
46 35 47 62 44 50 52 5 63 48 47 36 60 71 52 41 44 38 58 60 8 50 29 61 39 16 25 3 30 27 17 67 46 52 46 44 44 25 40 48 17 55 47 28 73 30 8 33 46 56 36 52 11 43 63 34 8 62 55 33 78 11 72 30 57 50 24 28 34 41 20 48 34 52 41 47 35 28 47 36 17 11 41 38 56 31 56 47 76 55 64 61 11 12 22 43 43 11 48 53 10 1000000 17 46 66 64 50 32 50 51 43 49 69 24 38 15 27 42 54 23 34 25 54 48 68 44 61 58 49 31 22 37 49 39 28 34 57 43 30 45 22 30 16 57 57 60 26 54 44 65 13
63 22 62 67 60 61 47 18 74 50 30 21 75 74 69 58 30 34 75 72 24 33 42 76 50 28 10 19 31 15 29 82 49 36 39 53 61 38 25 37 23 72 31 26 90 28 23 16 53 61 44 60 24 48 75 23 11 69 58 17 80 23 89 20 65 67 28 43 31 24 19 31 43 54 58 63 33 19 62 40 2 18 24 44 72 42 39 56 78 72 79 77 16 5 11 60 58 27 31 47 24 17 1000000 49 71 74 35 47 44 61 59 60 73 41 48 18 32 46 69 31 35 40 71 63 73 29 77 59 35 15 34 22 50 42 35 17 68 55 29 41 21 18 33 75 52 77 15 59 57 80 28
56 43 80 18 76 29 24 51 37 4 69 69 52 26 73 56 47 22 76 39 41 61 30 49 82 60 45 44 76 65 31 59 3 61 30 88 67 66 72 41 63 65 56 72 79 23 39 55 11 13 14 17 36 89 39 38 43 21 9 51 32 35 72 69 21 64 69 65 78 60 64 66 18 8 54 48 80 35 44 10 47 36 64 11 76 22 68 90 31 68 55 55 56 48 40 62 42 41 65 25 39 46 49 1000000 21 32 53 35 25 94 74 28 24 48 82 60 19 88 46 24 14 33 74 82 24 51 65 14 48 63 28 47 7 8 73 59 30 84 21 21 29 67 41 74 25 74 64 11 83 58 55
64 64 95 5 90 32 39 71 31 22 90 90 54 8 84 66 66 42 85 37 61 80 44 49 100 79 66 64 96 86 50 58 23 80 47 106 78 84 93 58 83 72 76 93 82 44 59 76 21 10 31 18 56 108 33 58 64 9 14 72 15 55 74 91 17 73 90 82 99 80 85 86 34 19 64 54 101 56 50 31 69 56 85 28 86 38 87 108 17 76 55 56 77 70 61 73 49 60 85 39 58 66 71 21 1000000 24 72 48 41 111 87 32 4 63 100 81 39 107 48 43 36 48 84 97 3 71 70 17 66 84 46 67 23 29 92 80 27 101 42 39 50 89 58 82 37 80 86 12 99 58 74
46 74 80 20 76 15 56 68 8 35 99 95 31 31 65 49 78 54 65 13 56 92 36 26 90 73 72 61 93 89 47 35 35 92 62 96 61 75 98 73 79 51 88 91 59 52 55 83 23 22 30 15 53 102 10 68 65 16 30 80 37 53 50 92 11 54 85 71 98 89 84 96 31 36 47 35 99 64 31 37 72 56 93 31 67 33 99 98 40 56 31 33 75 71 67 56 32 54 95 57 54 64 74 32 24 1000000 85 35 57 100 73 16 28 52 91 78 42 101 26 43 43 40 65 82 24 83 48 38 80 89 41 77 38 39 86 87 7 89 50 54 55 91 51 63 56 60 88 24 86 34 67
91 15 96 70 94 78 34 53 88 51 25 36 97 72 101 87 7 31 107 89 54 10 64 96 85 63 25 51 62 41 53 104 51 9 25 88 93 73 36 14 58 101 7 58 118 34 52 21 62 65 57 69 51 81 90 18 42 74 58 18 75 49 114 46 74 96 62 78 60 17 52 19 58 52 86 88 63 25 85 48 34 45 23 55 104 60 16 91 71 101 101 99 51 39 28 91 81 57 17 34 53 50 35 53 72 85 1000000 71 31 95 93 77 72 72 83 53 46 78 91 50 42 64 103 98 74 6 104 55 6 33 57 13 49 46 70 24 81 90 36 33 35 42 62 105 38 107 43 63 92 103 62
21 57 47 42 43 20 55 36 32 39 77 68 28 55 38 21 64 45 41 28 25 75 7 29 55 39 50 30 60 60 19 35 38 76 56 61 31 40 72 63 46 31 71 58 47 38 24 61 28 38 21 30 23 67 32 53 36 40 42 59 62 25 43 62 33 29 52 36 65 69 52 75 18 44 18 17 66 46 15 30 46 29 71 25 41 14 81 63 63 33 32 30 43 43 45 27 11 22 75 56 23 32 47 35 48 35 71 1000000 55 65 40 19 52 17 56 46 26 66 22 21 34 8 39 49 49 67 34 49 68 62 15 59 42 35 51 64 28 55 36 50 36 62 17 39 58 39 58 38 52 33 33
76 27 93 40 90 54 3 54 62 23 53 57 76 41 91 75 26 12 95 64 49 41 48 74 89 65 35 50 74 57 42 83 22 40 7 93 84 74 59 18 65 86 37 70 101 20 47 41 36 36 35 42 44 91 64 22 43 44 28 36 44 43 96 62 46 84 70 76 75 43 63 47 38 22 73 70 77 25 66 26 41 40 49 32 94 41 47 96 40 88 80 79 56 45 33 80 63 50 46 4 47 50 44 25 41 57 31 55 1000000 101 88 53 41 63 88 60 29 89 70 36 21 50 92 95 43 32 88 24 25 52 43 30 20 21 76 46 55 92 21 5 28 60 53 93 8 94 58 34 93 82 62
60 83 26 106 29 85 103 46 96 96 82 66 80 117 47 54 91 89 53 91 53 92 67 85 12 35 71 51 36 57 62 84 95 95 97 8 44 28 69 97 38 62 90 39 74 81 55 75 90 101 81 94 58 20 95 84 57 105 102 77 125 59 80 54 97 55 34 29 41 82 44 86 77 101 56 69 39 78 71 84 63 61 78 84 48 74 95 4 124 57 84 81 46 57 70 49 69 53 86 104 56 51 61 94 111 100 95 65 101 1000000 31 84 115 49 13 43 76 22 79 70 84 63 48 24 113 89 69 107 96 65 66 83 98 88 26 73 93 11 81 96 73 56 53 54 108 60 55 100 15 83 39
29 78 7 82 3 58 89 40 67 77 87 73 50 95 16 24 87 76 23 62 40 92 44 54 25 32 67 41 48 63 45 53 76 94 86 31 13 22 77 90 40 30 89 50 44 68 42 75 67 78 59 69 44 43 66 77 50 80 81 76 102 46 49 62 72 23 42 16 56 83 49 89 56 82 26 39 54 69 42 66 59 50 82 63 18 52 97 31 102 26 53 50 45 54 64 18 40 38 89 90 42 43 59 74 87 73 93 40 88 31 1000000 57 92 26 29 45 59 44 49 52 68 40 18 10 89 87 38 87 91 69 46 79 79 71 35 75 65 22 67 83 62 64 34 24 93 29 60 78 16 52 31
32 64 65 27 61 1 52 53 14 32 87 81 24 40 52 35 70 46 53 13 41 82 20 21 74 57 60 46 78 75 32 30 32 83 56 80 47 59 85 66 64 40 78 75 51 43 40 71 18 25 19 15 38 86 15 59 50 24 31 69 46 39 44 78 15 41 70 55 82 78 69 85 19 35 32 22 83 53 18 29 59 42 81 22 54 19 89 82 48 44 27 26 60 57 55 42 18 39 84 53 39 49 60 28 32 16 77 19 53 84 57 1000000 36 36 75 63 31 85 17 29 35 24 52 67 33 73 39 39 72 75 27 67 35 32 70 75 9 74 40 48 44 77 35 50 54 49 73 26 70 29 51
69 65 99 9 95 36 39 75 35 24 92 92 58 4 88 70 66 44 89 40 64 81 48 53 104 83 68 68 99 89 54 62 25 80 47 109 82 88 95 59 87 76 77 96 86 46 62 77 25 14 34 22 59 112 37 60 67 13 15 73 10 59 78 93 21 77 93 86 102 82 88 87 38 21 68 59 104 58 54 34 71 59 87 32 90 41 87 112 12 80 59 60 80 72 64 77 54 63 86 39 61 69 73 24 4 28 72 52 41 115 92 36 1000000 67 104 84 42 111 52 47 38 52 88 101 4 72 74 17 66 86 50 68 24 32 96 82 31 105 45 39 53 91 62 87 36 85 88 15 103 62 77
22 57 32 58 28 36 64 25 48 51 72 60 38 70 30 17 65 51 35 44 18 73 19 41 38 25 48 22 46 51 21 45 50 75 62 44 22 23 64 67 33 31 70 45 48 43 19 57 43 54 34 46 20 51 48 54 31 57 56 57 77 22 48 52 49 25 38 19 52 65 40 72 31 56 17 25 52 47 26 40 41 27 66 38 33 26 79 46 77 30 43 40 32 37 43 19 23 15 72 65 19 24 41 48 63 52 72 17 63 49 26 36 67 1000000 39 35 34 50 35 27 42 15 31 34 65 66 36 62 69 55 20 59 54 45 36 59 45 38 42 58 38 53 10 34 68 36 49 53 35 43 19
54 70 26 96 27 76 90 34 88 84 70 54 74 106 45 48 78 76 52 83 41 79 57 78 4 23 58 39 25 45 51 79 83 82 84 6 41 17 57 84 25 58 78 28 73 68 43 62 79 90 70 84 46 14 87 71 45 95 91 65 114 47 77 42 88 51 22 20 31 69 31 74 67 89 50 62 29 65 64 72 50 49 66 72 47 63 83 9 113 54 79 75 33 45 58 44 61 41 74 91 44 38 48 82 100 91 83 56 88 13 29 75 104 39 1000000 30 64 16 72 58 72 52 47 25 103 77 66 95 83 52 54 70 86 77 13 61 84 10 68 84 60 45 42 53 95 58 42 89 15 78 27
56 40 47 77 45 64 63 11 77 62 43 28 72 86 58 51 48 49 64 74 22 49 43 74 33 12 28 17 15 18 32 79 60 52 56 36 50 23 32 55 6 64 48 12 82 41 23 32 61 71 51 67 26 31 78 41 17 77 69 35 92 26 82 18 72 58 10 29 19 40 6 45 49 66 51 59 20 36 59 50 20 25 38 52 61 46 54 39 90 63 77 74 4 15 28 50 56 24 45 63 24 15 18 60 81 78 53 46 60 43 45 63 84 35 30 1000000 41 29 68 38 47 40 59 47 83 47 70 72 53 24 37 40 62 53 17 31 72 38 42 57 34 19 29 64 68 68 16 69 40 77 16
48 33 65 36 62 32 30 32 44 21 57 53 51 44 62 46 39 18 66 44 23 51 19 50 64 42 30 26 57 47 14 58 19 52 29 70 55 49 56 37 44 58 47 54 74 12 21 41 21 30 12 28 18 70 45 28 25 37 28 38 51 17 69 51 33 55 51 49 60 47 46 54 12 25 44 43 62 22 40 9 30 17 51 12 65 14 58 72 49 59 55 54 37 30 25 51 36 24 53 31 20 27 32 19 39 42 46 26 29 76 59 31 42 34 64 41 1000000 69 45 7 9 21 63 67 42 42 60 31 42 47 14 36 22 12 54 45 37 67 10 24 13 50 25 65 34 65 47 28 66 57 37
68 67 41 103 43 86 92 37 98 89 62 46 88 113 60 62 75 78 67 94 47 73 66 91 19 28 56 43 16 38 57 93 88 76 84 17 56 28 48 82 25 73 72 20 88 70 49 57 87 97 77 92 51 3 98 69 46 103 97 60 120 52 92 34 96 66 19 34 20 63 27 66 74 94 64 75 17 65 76 78 48 52 59 79 63 71 76 19 118 69 92 89 33 44 57 58 73 48 67 92 50 42 46 88 107 101 78 66 89 22 44 85 111 50 16 29 69 1000000 85 64 76 61 62 41 110 72 80 100 80 46 62 67 91 81 15 54 94 25 71 86 62 37 50 68 97 73 36 96 31 92 34
21 77 56 43 52 17 69 57 20 49 98 90 7 56 40 25 83 62 39 13 47 95 28 7 70 59 71 52 80 82 41 14 49 96 72 76 37 57 94 81 67 25 91 79 34 57 46 82 35 42 34 32 45 85 18 72 58 39 49 80 62 47 27 84 31 28 72 52 86 90 73 97 33 53 23 11 86 66 9 44 68 51 92 38 41 31 102 77 64 30 11 9 65 65 66 32 12 44 96 70 45 54 69 46 48 26 91 22 70 79 49 17 52 35 72 68 45 85 1000000 41 50 30 39 59 49 87 22 56 86 84 36 80 52 48 70 85 21 68 55 65 56 84 38 36 71 33 80 43 64 12 53
42 36 58 39 55 30 37 28 43 26 58 52 47 49 55 39 43 25 60 42 17 55 14 47 58 36 31 21 53 46 7 54 25 56 36 64 48 42 56 43 40 51 51 50 68 18 15 42 23 33 13 30 12 65 44 32 22 39 33 40 56 12 64 50 34 48 46 42 56 50 42 56 12 32 38 37 58 25 35 14 30 14 52 15 58 11 61 66 55 53 51 49 34 28 26 44 31 17 56 38 15 23 31 24 43 43 50 21 36 70 52 29 47 27 58 38 7 64 41 1000000 16 14 56 60 46 46 54 37 47 46 7 39 28 19 49 46 36 60 16 31 16 48 18 58 41 59 45 32 59 53 31
56 30 74 33 70 36 22 39 46 15 56 54 57 39 71 54 35 11 74 47 31 48 27 55 72 49 31 33 63 51 22 64 13 49 22 77 63 57 58 31 51 65 44 59 81 9 29 41 21 27 16 28 26 77 48 25 30 35 23 37 45 25 76 55 33 63 57 57 65 46 51 52 17 19 52 50 67 21 46 7 33 23 50 13 74 20 55 80 43 67 61 59 43 35 26 59 43 32 52 23 28 34 35 14 36 43 42 34 21 84 68 35 38 42 72 47 9 76 50 16 1000000 29 72 76 38 39 67 24 37 49 22 34 15 6 62 45 39 75 7 16 15 53 34 73 25 73 50 25 74 63 45
27 50 47 43 43 25 51 29 38 36 69 60 35 55 42 25 57 39 45 35 18 67 4 36 52 34 43 23 54 52 11 42 36 69 50 57 34 36 65 57 40 37 63 52 54 32 17 53 28 39 19 31 16 62 38 46 29 42 41 52 62 17 51 55 35 34 46 34 59 61 45 68 16 41 23 24 59 39 22 26 39 22 63 23 45 11 74 60 62 39 40 37 36 36 38 30 18 15 67 52 16 25 40 33 48 40 64 8 50 63 40 24 52 15 52 40 21 61 30 14 29 1000000 43 49 51 59 40 47 61 55 8 52 39 31 46 56 33 52 30 45 29 55 11 44 54 45 51 38 50 41 27
20 88 22 79 20 52 93 53 59 78 101 87 38 91 2 18 96 81 5 53 49 103 45 43 43 47 78 52 65 77 51 39 77 106 92 48 10 38 91 98 56 16 100 66 26 74 50 87 66 76 60 66 51 61 58 85 61 76 80 87 99 53 32 77 67 11 58 32 72 95 64 101 57 82 20 30 71 78 34 68 71 58 95 64 2 53 109 48 100 11 41 37 59 66 74 13 35 46 101 94 50 54 71 74 84 65 103 39 92 48 18 52 88 31 47 59 63 62 39 56 72 43 1000000 24 85 97 22 87 100 83 50 90 80 73 52 88 59 39 72 87 69 78 41 6 97 12 75 76 33 38 44
38 83 2 92 6 67 96 45 77 85 90 75 59 104 23 33 92 83 29 71 46 96 53 63 21 35 72 47 48 65 53 62 84 99 93 25 22 25 79 96 42 38 94 50 50 75 48 79 76 87 68 79 51 39 76 83 56 90 90 80 111 52 56 63 81 32 42 20 55 87 51 92 65 90 36 48 53 76 51 74 64 56 85 72 24 61 101 25 111 34 62 59 48 59 70 27 50 45 92 97 48 48 63 82 97 82 98 49 95 24 10 67 101 34 25 47 67 41 59 60 76 49 24 1000000 99 92 46 96 97 72 54 84 88 79 34 79 75 16 74 90 68 65 42 30 101 36 62 87 10 61 36
66 66 96 7 92 33 41 74 32 24 93 92 54 7 85 68 68 45 86 37 63 83 46 50 102 82 69 67 99 89 52 59 25 82 49 108 80 86 96 61 86 73 78 96 82 47 61 78 23 13 33 20 58 111 34 61 67 9 16 74 13 58 74 93 18 74 92 84 102 83 88 88 36 22 65 56 103 58 51 34 71 59 88 31 87 40 89 110 16 77 55 56 79 72 64 74 51 62 87 41 60 68 73 24 3 24 74 49 43 113 89 33 4 65 103 83 42 110 49 46 38 51 85 99 1000000 73 71 20 68 87 48 70 25 32 95 83 28 103 45 41 53 91 61 84 38 82 88 14 101 58 76
86 10 91 69 88 74 35 47 86 50 21 31 93 72 96 82 6 29 101 86 49 9 60 93 79 57 20 46 56 35 48 100 49 10 25 82 88 67 31 15 52 96 5 52 113 31 47 16 60 64 54 67 46 75 87 14 37 72 57 12 76 44 110 40 72 91 56 72 54 12 46 16 55 52 82 83 57 21 81 46 28 39 19 52 99 56 16 85 72 96 97 95 45 33 23 85 77 51 15 35 48 44 29 51 71 83 6 67 32 89 87 73 72 66 77 47 42 72 87 46 39 59 97 92 73 1000000 100 55 9 28 52 8 48 44 64 19 78 84 33 33 31 37 57 100 39 102 37 62 86 99 56
14 90 44 65 40 38 88 62 41 69 108 96 17 77 23 20 97 78 20 35 53 107 41 23 63 59 82 58 80 87 51 17 69 109 89 68 25 54 101 97 68 8 104 80 14 72 54 92 55 64 52 53 54 79 39 86 67 61 70 91 84 56 12 88 53 15 72 47 87 100 76 107 50 73 19 18 86 79 21 62 77 61 102 56 23 47 114 69 86 12 19 16 68 73 77 22 24 50 107 89 53 61 77 65 70 48 104 34 88 69 38 39 74 36 66 70 60 80 22 54 67 40 22 46 71 100 1000000 77 101 91 48 92 72 67 68 94 43 59 70 83 69 89 45 17 90 13 85 64 54 17 55
69 48 94 18 90 40 21 63 44 11 75 76 63 17 87 69 49 27 89 48 54 64 43 59 95 73 52 57 87 74 44 69 12 63 30 101 80 79 79 41 75 78 60 83 90 32 52 61 22 15 28 25 49 101 46 43 54 22 8 57 22 48 83 79 27 77 81 79 89 65 76 70 31 6 67 60 91 42 56 23 57 47 70 24 89 36 70 103 19 81 65 65 68 59 48 75 54 54 69 22 51 58 59 14 17 38 55 49 24 107 87 39 17 62 95 72 31 100 56 37 24 47 87 96 20 55 77 1000000 49 71 42 52 9 19 86 66 38 97 30 22 39 77 55 87 19 86 74 14 96 68 68
88 14 96 65 93 73 28 52 83 46 30 39 93 66 99 85 5 26 104 84 52 16 60 92 86 63 25 50 64 43 50 100 45 15 19 89 91 73 40 8 59 98 13 60 115 30 50 24 57 59 53 64 49 82 85 15 41 68 53 20 69 47 111 48 69 94 63 77 62 21 54 24 54 47 84 84 65 22 81 43 34 42 27 50 102 56 22 92 65 99 97 95 51 39 27 88 78 55 23 28 51 49 35 48 66 80 6 68 25 96 91 72 66 69 83 53 42 80 86 47 37 61 100 97 68 9 101 49 1000000 36 53 13 44 41 71 28 76 90 32 27 32 45 59 103 32 105 45 57 92 99 61
77 26 71 81 70 77 55 30 89 63 18 6 90 87 81 72 32 44 88 88 38 27 57 91 55 37 18 33 30 8 44 97 62 30 46 57 73 47 10 40 29 86 27 26 103 40 38 12 68 75 59 75 39 48 90 30 26 83 71 17 93 38 103 12 80 80 31 53 26 17 22 21 58 66 72 78 29 29 77 54 17 34 14 59 84 57 31 60 90 85 94 92 24 19 23 73 73 41 22 56 39 31 15 63 84 89 33 62 52 65 69 75 86 55 52 24 47 46 84 46 49 55 83 72 87 28 91 71 36 1000000 49 24 62 55 40 9 83 61 42 51 34 9 47 87 61 91 10 73 64 95 39
35 42 53 41 49 28 44 27 41 31 63 55 42 52 49 32 50 32 53 38 15 60 8 42 54 34 36 20 52 48 6 49 30 62 42 60 41 38 59 49 39 45 56 50 61 24 14 47 25 36 15 30 12 63 41 38 24 41 37 45 59 12 58 51 35 41 45 37 56 54 42 61 12 36 31 31 57 31 29 20 33 16 57 18 52 9 67 62 59 46 46 44 33 31 31 37 25 14 61 45 13 22 34 28 46 41 57 15 43 66 46 27 50 20 54 37 14 62 36 7 22 8 50 54 48 52 48 42 53 49 1000000 45 33 25 47 50 35 56 23 38 21 50 13 51 47 52 47 35 54 47 28
79 4 83 65 81 68 33 39 80 46 23 28 86 69 88 75 8 25 94 80 41 15 53 86 72 50 12 38 51 30 41 94 45 17 24 75 80 60 29 17 45 88 11 46 106 25 40 11 55 59 48 62 39 69 81 9 29 68 54 7 73 37 103 35 67 84 49 64 49 13 40 19 48 48 74 76 52 14 74 40 21 32 18 46 91 49 22 78 70 89 90 88 38 26 15 78 70 44 18 34 40 37 22 47 67 77 13 59 30 83 79 67 68 59 70 40 36 67 80 39 34 52 90 84 70 8 92 52 13 24 45 1000000 45 39 57 16 72 77 27 30 24 32 49 93 38 95 32 57 79 92 49
63 41 86 21 82 36 18 54 43 3 68 68 59 25 80 62 43 20 83 45 45 58 36 56 86 64 44 48 78 65 36 65 4 57 25 92 73 70 71 37 66 72 53 74 85 23 43 53 17 16 21 23 40 92 45 36 45 24 9 49 30 39 79 70 27 71 72 70 80 58 66 63 24 4 60 54 82 34 51 14 48 38 63 17 82 28 64 94 28 75 62 61 59 50 40 68 48 45 62 19 42 49 50 7 23 38 49 42 20 98 79 35 24 54 86 62 22 91 52 28 15 39 80 88 25 48 72 9 44 62 33 45 1000000 10 76 58 36 89 21 17 30 68 46 81 19 80 65 14 87 64 59
56 36 77 27 73 33 21 45 42 8 62 61 55 33 72 55 39 15 76 44 36 53 28 53 77 54 37 38 69 57 26 62 7 54 24 82 65 61 64 35 56 65 49 65 80 15 34 47 16 21 14 23 31 82 44 30 36 29 16 43 39 29 75 61 28 64 63 61 71 52 57 58 17 13 53 49 73 27 45 5 39 29 56 11 75 21 60 85 37 68 58 58 49 41 32 61 42 36 57 22 33 39 42 8 29 39 46 35 21 88 71 32 32 45 77 53 12 81 48 19 6 31 73 79 32 44 67 19 41 55 25 39 10 1000000 67 51 35 79 13 16 21 59 37 74 24 74 57 18 78 61 49
55 57 34 88 34 71 79 22 83 75 58 42 74 98 50 49 66 65 57 79 32 66 50 77 16 13 46 29 14 32 42 79 74 69 72 18 44 14 45 72 12 60 65 16 77 57 34 49 72 82 62 77 37 16 83 58 33 87 82 52 105 38 79 30 81 53 9 21 21 56 18 61 59 80 50 61 19 53 62 63 37 38 53 64 53 56 70 21 104 58 78 75 20 32 45 46 58 33 61 80 35 28 35 73 92 86 70 51 76 26 35 70 96 36 13 17 54 15 70 49 62 46 52 34 95 64 68 86 71 40 47 57 76 67 1000000 48 79 22 57 73 49 32 35 57 84 62 30 81 26 78 19
80 19 78 78 76 76 49 35 88 59 13 12 91 82 86 76 23 39 93 87 41 19 58 92 63 43 15 37 38 17 45 98 58 22 39 66 78 54 14 32 37 89 18 34 107 36 40 5 65 72 57 72 41 57 89 23 28 80 67 9 87 39 106 21 77 84 39 59 35 8 30 14 56 62 75 80 38 25 78 51 18 34 7 56 90 56 23 69 84 89 96 93 31 22 20 77 74 44 14 49 41 34 17 59 80 87 24 64 46 73 75 75 82 59 61 31 45 54 85 46 45 56 88 79 83 19 94 66 28 9 50 16 58 51 48 1000000 82 69 38 45 32 18 50 92 54 95 19 70 72 97 44
39 69 73 23 69 8 54 61 7 33 94 89 27 35 59 42 74 50 59 10 49 87 29 22 82 66 67 54 86 82 40 31 33 88 59 88 54 68 92 70 72 46 83 84 55 48 48 78 19 23 25 13 46 94 9 64 58 19 30 75 41 47 47 86 11 48 78 64 91 84 77 91 25 35 40 29 92 59 25 33 66 50 88 26 61 26 94 90 44 50 28 28 68 65 61 49 25 47 90 55 47 57 68 30 27 7 81 28 55 93 65 9 31 45 84 72 37 94 21 36 39 33 59 75 28 78 43 38 76 83 35 72 36 35 79 82 1000000 82 45 51 50 85 44 57 54 54 81 24 79 31 60
49 77 17 96 19 74 94 39 85 87 79 63 70 107 37 43 85 80 44 80 44 87 57 74 6 28 65 43 34 53 53 74 86 90 89 9 34 18 67 91 32 52 85 37 65 72 46 70 80 91 71 83 49 23 85 77 50 94 92 72 114 50 70 51 87 45 30 19 41 77 39 82 67 92 46 58 39 70 60 75 57 53 75 74 39 63 91 10 114 48 74 70 40 51 64 38 58 43 82 95 47 43 55 84 101 89 90 55 92 11 22 74 105 38 10 38 67 25 68 60 75 52 39 16 103 84 59 97 90 61 56 77 89 79 22 69 82 1000000 72 88 65 54 43 45 99 50 51 90 6 73 31
58 24 72 40 69 42 22 35 53 21 49 47 61 46 71 55 29 9 76 53 28 42 29 60 69 45 24 29 57 44 22 68 20 43 20 74 63 54 51 27 46 67 38 54 84 2 26 34 28 34 21 35 24 72 54 19 25 42 29 30 52 22 79 49 40 64 52 55 59 39 46 46 22 25 54 53 61 14 50 13 26 19 43 19 74 24 49 77 49 69 65 64 38 29 19 60 46 30 45 23 26 30 29 21 42 50 36 36 21 81 67 40 45 42 68 42 10 71 55 16 7 30 72 74 45 33 70 30 32 42 23 27 21 13 57 38 45 72 1000000 16 9 47 33 74 27 75 44 32 72 67 41
71 27 88 38 85 49 6 50 58 19 53 56 72 39 86 70 27 8 90 60 44 42 43 69 85 61 33 45 71 55 37 78 18 41 8 89 79 70 58 20 61 81 38 67 96 16 42 40 32 32 30 38 40 87 60 21 40 41 25 35 43 38 91 60 42 79 67 71 72 43 59 48 33 19 68 65 74 22 61 21 39 35 48 27 89 36 48 92 40 83 75 74 53 42 30 75 58 46 47 7 42 45 41 21 39 54 33 50 5 96 83 48 39 58 84 57 24 86 65 31 16 45 87 90 41 33 83 22 27 51 38 30 17 16 73 45 51 88 16 1000000 24 58 48 88 11 89 56 30 88 77 57
56 21 67 47 64 45 30 27 57 29 44 40 63 54 68 53 28 16 73 56 22 39 29 62 61 38 17 22 49 36 18 70 28 40 25 66 60 47 44 29 38 66 35 45 83 8 20 28 34 41 25 41 18 64 58 17 16 49 37 25 60 16 79 40 46 62 44 49 50 34 37 41 25 34 52 53 52 10 50 20 18 12 38 25 71 26 46 69 58 67 67 65 30 20 12 57 46 24 41 31 20 22 21 29 50 55 35 36 28 73 62 44 53 38 60 34 13 62 56 16 15 29 69 68 53 31 69 39 32 34 21 24 30 21 49 32 50 65 9 24 1000000 38 28 71 35 73 36 39 65 68 34
75 34 65 85 64 78 63 27 91 68 26 9 89 92 77 69 40 50 83 89 37 36 58 91 48 32 25 32 21 3 45 96 67 39 54 49 69 41 13 49 23 83 36 17 101 45 38 21 71 79 62 78 39 39 92 38 27 87 76 26 98 38 101 3 83 77 23 48 17 26 15 30 60 72 70 77 20 35 76 58 20 35 22 62 80 59 39 52 96 82 94 91 21 20 28 69 72 40 30 63 39 30 18 67 89 91 42 62 60 56 64 77 91 53 45 19 50 37 84 48 53 55 78 65 91 37 89 77 45 9 50 32 68 59 32 18 85 54 47 58 38 1000000 46 83 68 87 4 77 57 94 35
30 47 40 54 37 36 55 19 49 44 63 52 43 65 40 26 55 42 45 45 9 63 15 45 41 22 38 14 43 44 11 50 43 65 52 47 32 25 57 57 29 40 60 41 57 34 10 48 38 48 28 42 10 51 49 44 22 53 50 47 72 12 56 46 46 35 35 24 48 56 35 63 25 49 25 31 49 37 30 32 32 17 57 31 43 21 70 50 71 40 48 45 26 28 34 29 26 6 62 56 9 16 33 41 58 51 62 17 53 53 34 35 62 10 42 29 25 50 38 18 34 11 41 42 61 57 45 55 59 47 13 49 46 37 35 50 44 43 33 48 28 46 1000000 44 59 46 42 47 41 49 16
18 91 29 77 26 50 94 57 56 78 105 92 34 90 8 19 99 83 2 50 52 107 46 39 49 52 81 55 71 82 53 35 77 109 94 54 14 44 96 100 61 11 103 71 20 75 53 90 65 75 60 65 54 67 54 88 65 74 80 90 97 56 26 82 66 10 63 37 78 99 69 105 57 82 21 28 77 81 32 69 75 61 99 64 6 53 113 54 99 7 36 33 63 70 77 15 33 49 105 95 53 57 75 74 82 63 105 39 93 54 24 50 87 34 53 64 65 68 36 58 73 44 6 30 84 100 17 87 103 87 51 93 81 74 57 92 57 45 74 88 71 83 44 1000000 97 6 80 75 39 34 48
80 35 99 37 95 55 5 62 61 22 60 66 78 35 96 79 34 19 99 64 55 48 52 75 96 72 43 56 82 66 48 84 22 47 15 101 88 81 68 25 72 89 44 78 103 27 53 49 36 33 38 41 51 98 63 31 51 41 25 44 37 49 97 71 45 87 78 82 83 51 71 55 40 20 77 72 85 33 69 29 49 46 57 34 99 44 54 104 33 91 80 80 64 53 41 84 66 56 54 5 53 57 52 25 37 56 38 58 8 108 93 54 36 68 95 68 34 97 71 41 25 54 97 101 38 39 90 19 32 61 47 38 19 24 84 54 54 99 27 11 35 68 59 97 1000000 97 66 32 99 83 68
18 93 34 75 31 48 94 60 53 77 108 95 30 88 13 20 101 84 7 47 54 109 46 35 54 56 84 58 75 85 55 30 77 111 95 59 18 48 99 101 65 9 106 76 15 77 55 93 64 73 60 63 56 72 51 90 67 72 79 93 95 58 20 86 64 11 68 41 82 102 73 108 57 82 21 26 81 82 30 69 77 63 102 64 12 53 115 60 97 6 32 29 67 73 79 18 32 51 108 95 55 60 77 74 80 60 107 39 94 60 29 49 85 36 58 68 65 73 33 59 73 45 12 36 82 102 13 86 105 91 52 95 80 74 62 95 54 50 75 89 73 87 46 6 97 1000000 83 74 45 29 52
71 33 62 82 61 74 61 24 87 65 28 12 85 90 73 66 40 48 80 85 34 37 54 87 46 28 23 28 20 2 41 92 64 40 52 47 66 38 16 48 20 79 36 16 97 42 34 21 68 76 58 74 36 38 88 36 23 83 73 25 95 35 97 5 79 73 21 44 17 27 12 31 57 69 66 73 20 33 72 55 17 32 24 59 76 55 41 50 93 78 90 87 17 17 26 66 68 37 32 61 35 26 15 64 86 88 43 58 58 55 60 73 88 49 42 16 47 36 80 45 50 51 75 62 88 37 85 74 45 10 47 32 65 57 30 19 81 51 44 56 36 4 42 80 66 83 1000000 74 55 91 31
57 54 85 8 81 26 32 60 30 12 80 79 49 17 75 58 57 32 77 34 49 71 34 45 89 68 55 53 85 75 39 55 12 71 39 94 69 73 82 50 72 65 67 81 77 34 47 65 10 2 19 11 44 97 32 48 53 11 6 61 24 44 69 79 13 65 78 71 88 70 74 76 23 12 55 47 89 45 43 20 57 45 75 17 78 27 78 97 25 68 51 51 65 58 50 64 42 48 75 33 46 54 59 11 12 24 63 38 34 100 78 26 15 53 89 69 28 96 43 32 25 38 76 87 14 62 64 14 57 73 35 57 14 18 81 70 24 90 32 30 39 77 47 75 32 74 74 1000000 88 54 62
44 79 11 94 14 71 94 40 81 85 83 67 65 105 32 39 87 81 38 76 44 90 54 70 11 30 67 43 39 57 52 69 84 93 90 15 29 19 71 92 35 46 88 41 59 72 46 72 78 89 69 81 48 29 81 78 51 92 91 74 113 50 65 55 84 40 34 17 46 80 43 85 66 90 41 54 44 72 56 74 59 53 78 72 33 62 94 15 113 42 69 65 42 53 65 33 54 43 85 95 46 44 57 83 99 86 92 52 93 15 16 70 103 35 15 40 66 31 64 59 74 50 33 10 101 86 54 96 92 64 54 79 87 78 26 72 79 6 72 88 65 57 41 39 99 45 55 88 1000000 68 31
24 89 59 53 55 28 81 67 27 61 110 101 6 65 39 30 96 74 36 21 57 107 40 9 75 68 83 62 89 92 52 2 61 109 84 81 39 64 105 94 76 23 103 88 25 69 57 94 47 53 47 43 56 91 25 85 70 49 60 92 71 58 16 94 41 29 81 58 95 102 83 109 45 64 28 18 95 78 19 57 79 63 104 50 40 43 114 82 74 28 3 4 74 76 78 34 23 54 108 82 56 65 80 58 58 34 103 33 82 83 52 29 62 43 78 77 57 92 12 53 63 41 38 61 58 99 17 68 99 95 47 92 64 61 78 97 31 73 67 77 68 94 49 34 83 29 91 54 68 1000000 62
41 48 34 69 32 52 64 9 65 57 57 43 57 79 42 35 56 50 49 61 14 61 31 60 28 6 37 12 27 33 24 64 56 63 59 33 35 12 47 61 14 48 58 26 66 41 16 44 53 64 43 58 19 35 65 47 20 68 64 45 86 20 66 34 62 42 19 16 33 52 21 58 40 62 35 44 33 40 45 45 29 22 51 45 46 37 66 36 86 47 62 59 14 23 34 35 41 14 58 64 16 13 28 55 74 67 62 33 62 39 31 51 77 19 27 16 37 34 53 31 45 27 44 36 76 56 55 68 61 39 28 49 59 49 19 44 60 31 41 57 34 35 16 48 68 52 31 62 31 62 1000000
